unit,method,metric,response,category,n,median_dRMSE,pct_sites_improved,p_onesided_wilcoxon,q_BH,sig
M1vsM2_12m,tertiles,Absolute Mortality,ETmax,High,37,-0.00038,51.4,0.2935,0.3387,ns
M1vsM2_12m,tertiles,Absolute Mortality,GPPsat,High,37,-0.67788,67.6,0.02406,0.07807,ns
M1vsM2_12m,tertiles,Absolute Mortality,NEPmax,High,37,-0.79342,62.2,0.01868,0.07807,ns
M1vsM2_12m,tertiles,Absolute Mortality,WUE,High,37,-0.0265,56.8,0.212,0.2891,ns
M1vsM2_12m,tertiles,Absolute Mortality,uWUE,High,37,0.01541,43.2,0.3309,0.3722,ns
M1vsM2_12m,tertiles,Absolute Mortality,ETmax,Mid,37,-0.00239,56.8,0.0849,0.1592,ns
M1vsM2_12m,tertiles,Absolute Mortality,GPPsat,Mid,37,-0.88415,67.6,0.01868,0.07807,ns
M1vsM2_12m,tertiles,Absolute Mortality,NEPmax,Mid,37,-0.78755,67.6,0.02084,0.07807,ns
M1vsM2_12m,tertiles,Absolute Mortality,WUE,Mid,37,-0.03611,64.9,0.1525,0.2213,ns
M1vsM2_12m,tertiles,Absolute Mortality,uWUE,Mid,37,-0.0355,54.1,0.1289,0.2122,ns
M1vsM2_12m,tertiles,Absolute Mortality,ETmax,Low,38,-0.00422,68.4,0.04626,0.1224,ns
M1vsM2_12m,tertiles,Absolute Mortality,GPPsat,Low,38,-0.67937,63.2,0.02429,0.07807,ns
M1vsM2_12m,tertiles,Absolute Mortality,NEPmax,Low,38,-0.64294,57.9,0.02116,0.07807,ns
M1vsM2_12m,tertiles,Absolute Mortality,WUE,Low,38,-0.06174,57.9,0.2477,0.3069,ns
M1vsM2_12m,tertiles,Absolute Mortality,uWUE,Low,38,-0.01761,57.9,0.2524,0.3069,ns
M1vsM2_12m,tertiles,Relative Mortality,ETmax,High,37,-0.0022,59.5,0.1455,0.2213,ns
M1vsM2_12m,tertiles,Relative Mortality,GPPsat,High,37,-0.67063,70.3,0.01868,0.07807,ns
M1vsM2_12m,tertiles,Relative Mortality,NEPmax,High,37,-0.85901,67.6,0.003789,0.04263,*
M1vsM2_12m,tertiles,Relative Mortality,WUE,High,37,-0.04887,59.5,0.1489,0.2213,ns
M1vsM2_12m,tertiles,Relative Mortality,uWUE,High,37,0.00588,48.6,0.1025,0.1846,ns
M1vsM2_12m,tertiles,Relative Mortality,ETmax,Mid,37,-0.00042,54.1,0.08258,0.1592,ns
M1vsM2_12m,tertiles,Relative Mortality,GPPsat,Mid,37,-1.01148,70.3,0.01182,0.07807,ns
M1vsM2_12m,tertiles,Relative Mortality,NEPmax,Mid,37,-0.73698,64.9,0.01868,0.07807,ns
M1vsM2_12m,tertiles,Relative Mortality,WUE,Mid,37,-0.06951,67.6,0.02866,0.08598,ns
M1vsM2_12m,tertiles,Relative Mortality,uWUE,Mid,37,-0.02563,56.8,0.1289,0.2122,ns
M1vsM2_12m,tertiles,Relative Mortality,ETmax,Low,38,-0.00362,63.2,0.1321,0.2122,ns
M1vsM2_12m,tertiles,Relative Mortality,GPPsat,Low,38,-0.49968,57.9,0.06212,0.1511,ns
M1vsM2_12m,tertiles,Relative Mortality,NEPmax,Low,38,-0.60132,55.3,0.06762,0.1522,ns
M1vsM2_12m,tertiles,Relative Mortality,WUE,Low,38,-0.00689,52.6,0.7336,0.7336,ns
M1vsM2_12m,tertiles,Relative Mortality,uWUE,Low,38,0.01202,50,0.6086,0.6224,ns
M1vsM2_12m,tertiles,Relative Disturbance,ETmax,High,37,-0.00206,56.8,0.2345,0.3069,ns
M1vsM2_12m,tertiles,Relative Disturbance,GPPsat,High,37,-0.67063,67.6,0.03285,0.09238,ns
M1vsM2_12m,tertiles,Relative Disturbance,NEPmax,High,37,-0.98882,67.6,0.003462,0.04263,*
M1vsM2_12m,tertiles,Relative Disturbance,WUE,High,37,-0.06033,59.5,0.1787,0.2513,ns
M1vsM2_12m,tertiles,Relative Disturbance,uWUE,High,37,-0.00595,51.4,0.06379,0.1511,ns
M1vsM2_12m,tertiles,Relative Disturbance,ETmax,Mid,37,-0.00413,64.9,0.01609,0.07807,ns
M1vsM2_12m,tertiles,Relative Disturbance,GPPsat,Mid,37,-0.92742,70.3,0.002628,0.04263,*
M1vsM2_12m,tertiles,Relative Disturbance,NEPmax,Mid,37,-0.81798,73,0.002283,0.04263,*
M1vsM2_12m,tertiles,Relative Disturbance,WUE,Mid,37,-0.0487,64.9,0.07168,0.1536,ns
M1vsM2_12m,tertiles,Relative Disturbance,uWUE,Mid,37,-0.00799,51.4,0.3419,0.3752,ns
M1vsM2_12m,tertiles,Relative Disturbance,ETmax,Low,38,-0.00244,55.3,0.2477,0.3069,ns
M1vsM2_12m,tertiles,Relative Disturbance,GPPsat,Low,38,-0.49968,60.5,0.08193,0.1592,ns
M1vsM2_12m,tertiles,Relative Disturbance,NEPmax,Low,38,0.07701,47.4,0.2809,0.3327,ns
M1vsM2_12m,tertiles,Relative Disturbance,WUE,Low,38,-0.03245,55.3,0.4596,0.4809,ns
M1vsM2_12m,tertiles,Relative Disturbance,uWUE,Low,38,-0.00515,52.6,0.4252,0.4556,ns
M1vsM2_12m,equal_width,Absolute Mortality,ETmax,Mid,52,-4e-04,51.9,0.1138,0.1969,ns
M1vsM2_12m,equal_width,Absolute Mortality,GPPsat,Mid,52,-0.6407,65.4,0.04302,0.1192,ns
M1vsM2_12m,equal_width,Absolute Mortality,NEPmax,Mid,52,-0.73953,57.7,0.06706,0.1437,ns
M1vsM2_12m,equal_width,Absolute Mortality,WUE,Mid,52,-0.06483,65.4,0.02705,0.09362,ns
M1vsM2_12m,equal_width,Absolute Mortality,uWUE,Mid,52,-0.0096,50,0.07574,0.1462,ns
M1vsM2_12m,equal_width,Absolute Mortality,ETmax,Low,54,-0.00402,68.5,0.01231,0.06925,ns
M1vsM2_12m,equal_width,Absolute Mortality,GPPsat,Low,54,-0.85584,68.5,0.0007218,0.01083,*
M1vsM2_12m,equal_width,Absolute Mortality,NEPmax,Low,54,-0.97854,66.7,0.0006405,0.01083,*
M1vsM2_12m,equal_width,Absolute Mortality,WUE,Low,54,-0.01888,55.6,0.4283,0.5112,ns
M1vsM2_12m,equal_width,Absolute Mortality,uWUE,Low,54,-0.00697,53.7,0.4316,0.5112,ns
M1vsM2_12m,equal_width,Absolute Mortality,ETmax,High,6,0.00324,33.3,0.9533,0.9533,ns
M1vsM2_12m,equal_width,Absolute Mortality,GPPsat,High,6,0.02632,50,0.5,0.5488,ns
M1vsM2_12m,equal_width,Absolute Mortality,NEPmax,High,6,-0.64735,66.7,0.1473,0.2367,ns
M1vsM2_12m,equal_width,Absolute Mortality,WUE,High,6,0.03102,50,0.583,0.6153,ns
M1vsM2_12m,equal_width,Absolute Mortality,uWUE,High,6,-0.0398,50,0.3375,0.4339,ns
M1vsM2_12m,equal_width,Relative Mortality,ETmax,Mid,34,-0.0029,58.8,0.07795,0.1462,ns
M1vsM2_12m,equal_width,Relative Mortality,GPPsat,Mid,34,-0.72333,70.6,0.01561,0.07807,ns
M1vsM2_12m,equal_width,Relative Mortality,NEPmax,Mid,34,-1.19639,76.5,0.0004283,0.01083,*
M1vsM2_12m,equal_width,Relative Mortality,WUE,Mid,34,-0.01306,55.9,0.4727,0.5455,ns
M1vsM2_12m,equal_width,Relative Mortality,uWUE,Mid,34,0.04541,38.2,0.5879,0.6153,ns
M1vsM2_12m,equal_width,Relative Mortality,ETmax,High,8,-0.00165,62.5,0.3631,0.4539,ns
M1vsM2_12m,equal_width,Relative Mortality,GPPsat,High,8,-0.73931,75,0.1468,0.2367,ns
M1vsM2_12m,equal_width,Relative Mortality,NEPmax,High,8,-0.42068,50,0.2206,0.3102,ns
M1vsM2_12m,equal_width,Relative Mortality,WUE,High,8,-0.32851,75,0.02116,0.08203,ns
M1vsM2_12m,equal_width,Relative Mortality,uWUE,High,8,-0.24583,75,0.05366,0.1271,ns
M1vsM2_12m,equal_width,Relative Mortality,ETmax,Low,70,-0.00244,58.6,0.04767,0.1192,ns
M1vsM2_12m,equal_width,Relative Mortality,GPPsat,Low,70,-0.79931,62.9,0.006229,0.05412,ns
M1vsM2_12m,equal_width,Relative Mortality,NEPmax,Low,70,-0.38238,57.1,0.03015,0.09692,ns
M1vsM2_12m,equal_width,Relative Mortality,WUE,Low,70,-0.04241,60,0.2046,0.3011,ns
M1vsM2_12m,equal_width,Relative Mortality,uWUE,Low,70,-0.02535,55.7,0.1948,0.3011,ns
M1vsM2_12m,equal_width,Relative Disturbance,ETmax,Mid,39,-0.00406,59,0.04633,0.1192,ns
M1vsM2_12m,equal_width,Relative Disturbance,GPPsat,Mid,39,-0.76878,69.2,0.02187,0.08203,ns
M1vsM2_12m,equal_width,Relative Disturbance,NEPmax,Mid,39,-0.98882,71.8,0.00173,0.01946,*
M1vsM2_12m,equal_width,Relative Disturbance,WUE,Mid,39,-0.00577,53.8,0.4916,0.5488,ns
M1vsM2_12m,equal_width,Relative Disturbance,uWUE,Mid,39,0.05626,38.5,0.6442,0.6589,ns
M1vsM2_12m,equal_width,Relative Disturbance,ETmax,High,10,-0.00223,70,0.2074,0.3011,ns
M1vsM2_12m,equal_width,Relative Disturbance,GPPsat,High,10,-0.81142,80,0.07679,0.1462,ns
M1vsM2_12m,equal_width,Relative Disturbance,NEPmax,High,10,-1.52889,60,0.06314,0.1421,ns
M1vsM2_12m,equal_width,Relative Disturbance,WUE,High,10,-0.32851,80,0.007216,0.05412,ns
M1vsM2_12m,equal_width,Relative Disturbance,uWUE,High,10,-0.24583,80,0.02075,0.08203,ns
M1vsM2_12m,equal_width,Relative Disturbance,ETmax,Low,63,-0.00207,57.1,0.09377,0.1688,ns
M1vsM2_12m,equal_width,Relative Disturbance,GPPsat,Low,63,-0.58997,61.9,0.009346,0.06008,ns
M1vsM2_12m,equal_width,Relative Disturbance,NEPmax,Low,63,-0.16984,57.1,0.04073,0.1192,ns
M1vsM2_12m,equal_width,Relative Disturbance,WUE,Low,63,-0.0487,60.3,0.2544,0.3367,ns
M1vsM2_12m,equal_width,Relative Disturbance,uWUE,Low,63,-0.02508,55.6,0.2436,0.3321,ns
M1vsM2_12m,natural_breaks,Absolute Mortality,ETmax,High,29,-0.00124,51.7,0.3976,0.4588,ns
M1vsM2_12m,natural_breaks,Absolute Mortality,GPPsat,High,29,-0.808,69,0.02582,0.07934,ns
M1vsM2_12m,natural_breaks,Absolute Mortality,NEPmax,High,29,-0.85901,65.5,0.02997,0.07934,ns
M1vsM2_12m,natural_breaks,Absolute Mortality,WUE,High,29,-0.01724,51.7,0.2182,0.3068,ns
M1vsM2_12m,natural_breaks,Absolute Mortality,uWUE,High,29,0.01541,44.8,0.2311,0.3152,ns
M1vsM2_12m,natural_breaks,Absolute Mortality,ETmax,Mid,46,-0.0023,56.5,0.04118,0.09266,ns
M1vsM2_12m,natural_breaks,Absolute Mortality,GPPsat,Mid,46,-0.71281,67.4,0.01485,0.06681,ns
M1vsM2_12m,natural_breaks,Absolute Mortality,NEPmax,Mid,46,-0.76551,65.2,0.0112,0.06681,ns
M1vsM2_12m,natural_breaks,Absolute Mortality,WUE,Mid,46,-0.04241,65.2,0.1737,0.2696,ns
M1vsM2_12m,natural_breaks,Absolute Mortality,uWUE,Mid,46,-0.01708,52.2,0.1709,0.2696,ns
M1vsM2_12m,natural_breaks,Absolute Mortality,ETmax,Low,37,-0.00413,67.6,0.06379,0.1305,ns
M1vsM2_12m,natural_breaks,Absolute Mortality,GPPsat,Low,37,-0.76878,62.2,0.02769,0.07934,ns
M1vsM2_12m,natural_breaks,Absolute Mortality,NEPmax,Low,37,-0.59493,56.8,0.02966,0.07934,ns
M1vsM2_12m,natural_breaks,Absolute Mortality,WUE,Low,37,-0.0695,59.5,0.1908,0.2769,ns
M1vsM2_12m,natural_breaks,Absolute Mortality,uWUE,Low,37,-0.00799,56.8,0.2987,0.3653,ns
M1vsM2_12m,natural_breaks,Relative Mortality,ETmax,Mid,45,-0.00413,60,0.02226,0.07755,ns
M1vsM2_12m,natural_breaks,Relative Mortality,GPPsat,Mid,45,-0.92742,73.3,0.001197,0.02694,*
M1vsM2_12m,natural_breaks,Relative Mortality,NEPmax,Mid,45,-0.79342,64.4,0.005729,0.04443,*
M1vsM2_12m,natural_breaks,Relative Mortality,WUE,Mid,45,-0.0487,62.2,0.1248,0.208,ns
M1vsM2_12m,natural_breaks,Relative Mortality,uWUE,Mid,45,0.0126,48.9,0.4595,0.5044,ns
M1vsM2_12m,natural_breaks,Relative Mortality,ETmax,High,26,-0.00148,53.8,0.4294,0.4831,ns
M1vsM2_12m,natural_breaks,Relative Mortality,GPPsat,High,26,-0.6407,69.2,0.04684,0.1004,ns
M1vsM2_12m,natural_breaks,Relative Mortality,NEPmax,High,26,-1.00966,73.1,0.003549,0.03993,*
M1vsM2_12m,natural_breaks,Relative Mortality,WUE,High,26,-0.10716,69.2,0.0224,0.07755,ns
M1vsM2_12m,natural_breaks,Relative Mortality,uWUE,High,26,-0.15468,57.7,0.01357,0.06681,ns
M1vsM2_12m,natural_breaks,Relative Mortality,ETmax,Low,41,-0.00333,61,0.1067,0.1965,ns
M1vsM2_12m,natural_breaks,Relative Mortality,GPPsat,Low,41,-0.40939,56.1,0.1141,0.1974,ns
M1vsM2_12m,natural_breaks,Relative Mortality,NEPmax,Low,41,-0.59493,53.7,0.1092,0.1965,ns
M1vsM2_12m,natural_breaks,Relative Mortality,WUE,Low,41,-0.00502,51.2,0.733,0.733,ns
M1vsM2_12m,natural_breaks,Relative Mortality,uWUE,Low,41,-0.00177,51.2,0.5413,0.5536,ns
M1vsM2_12m,natural_breaks,Relative Disturbance,ETmax,Mid,49,-0.00413,61.2,0.01664,0.06807,ns
M1vsM2_12m,natural_breaks,Relative Disturbance,GPPsat,Mid,49,-0.77108,67.3,0.005924,0.04443,*
M1vsM2_12m,natural_breaks,Relative Disturbance,NEPmax,Mid,49,-0.79342,69.4,0.003512,0.03993,*
M1vsM2_12m,natural_breaks,Relative Disturbance,WUE,Mid,49,-0.0265,61.2,0.1907,0.2769,ns
M1vsM2_12m,natural_breaks,Relative Disturbance,uWUE,Mid,49,-0.00595,51,0.3564,0.4221,ns
M1vsM2_12m,natural_breaks,Relative Disturbance,ETmax,High,24,-0.00189,58.3,0.251,0.3227,ns
M1vsM2_12m,natural_breaks,Relative Disturbance,GPPsat,High,24,-0.81142,75,0.01442,0.06681,ns
M1vsM2_12m,natural_breaks,Relative Disturbance,NEPmax,High,24,-1.19639,75,0.001065,0.02694,*
M1vsM2_12m,natural_breaks,Relative Disturbance,WUE,High,24,-0.09735,66.7,0.03945,0.09266,ns
M1vsM2_12m,natural_breaks,Relative Disturbance,uWUE,High,24,-0.12095,54.2,0.03482,0.08704,ns
M1vsM2_12m,natural_breaks,Relative Disturbance,ETmax,Low,39,-0.00236,56.4,0.2449,0.3227,ns
M1vsM2_12m,natural_breaks,Relative Disturbance,GPPsat,Low,39,-0.40939,59,0.09363,0.1832,ns
M1vsM2_12m,natural_breaks,Relative Disturbance,NEPmax,Low,39,0.1194,46.2,0.3004,0.3653,ns
M1vsM2_12m,natural_breaks,Relative Disturbance,WUE,Low,39,-0.02879,53.8,0.5361,0.5536,ns
M1vsM2_12m,natural_breaks,Relative Disturbance,uWUE,Low,39,-0.00177,51.3,0.4805,0.5148,ns
M1vsM2_24m,tertiles,Absolute Mortality,ETmax,High,37,-0.00057,51.4,0.3254,0.3958,ns
M1vsM2_24m,tertiles,Absolute Mortality,GPPsat,High,37,-0.51537,62.2,0.02406,0.06366,ns
M1vsM2_24m,tertiles,Absolute Mortality,NEPmax,High,37,-0.52407,64.9,0.01609,0.05715,ns
M1vsM2_24m,tertiles,Absolute Mortality,WUE,High,37,-0.04994,62.2,0.05659,0.1061,ns
M1vsM2_24m,tertiles,Absolute Mortality,uWUE,High,37,-0.00127,51.4,0.1787,0.2513,ns
M1vsM2_24m,tertiles,Absolute Mortality,ETmax,Mid,37,-0.00018,51.4,0.506,0.5693,ns
M1vsM2_24m,tertiles,Absolute Mortality,GPPsat,Mid,37,-1.1702,81.1,0.001886,0.02547,*
M1vsM2_24m,tertiles,Absolute Mortality,NEPmax,Mid,37,-1.18027,73,0.004528,0.02547,*
M1vsM2_24m,tertiles,Absolute Mortality,WUE,Mid,37,-0.00676,54.1,0.3093,0.3866,ns
M1vsM2_24m,tertiles,Absolute Mortality,uWUE,Mid,37,-0.02199,62.2,0.2391,0.3261,ns
M1vsM2_24m,tertiles,Absolute Mortality,ETmax,Low,38,-0.00299,60.5,0.06391,0.115,ns
M1vsM2_24m,tertiles,Absolute Mortality,GPPsat,Low,38,-0.85919,60.5,0.01016,0.04722,*
M1vsM2_24m,tertiles,Absolute Mortality,NEPmax,Low,38,-0.67556,65.8,0.02688,0.06366,ns
M1vsM2_24m,tertiles,Absolute Mortality,WUE,Low,38,-0.06761,68.4,0.1656,0.2481,ns
M1vsM2_24m,tertiles,Absolute Mortality,uWUE,Low,38,-0.02204,52.6,0.2958,0.3803,ns
M1vsM2_24m,tertiles,Relative Mortality,ETmax,High,37,-0.00104,56.8,0.1709,0.2481,ns
M1vsM2_24m,tertiles,Relative Mortality,GPPsat,High,37,-1.0227,75.7,0.0007671,0.02547,*
M1vsM2_24m,tertiles,Relative Mortality,NEPmax,High,37,-0.54938,73,0.003308,0.02547,*
M1vsM2_24m,tertiles,Relative Mortality,WUE,High,37,-0.06383,67.6,0.02674,0.06366,ns
M1vsM2_24m,tertiles,Relative Mortality,uWUE,High,37,-0.10182,62.2,0.03512,0.07902,ns
M1vsM2_24m,tertiles,Relative Mortality,ETmax,Mid,37,-0.00045,51.4,0.2583,0.3418,ns
M1vsM2_24m,tertiles,Relative Mortality,GPPsat,Mid,37,-0.73951,64.9,0.0201,0.06366,ns
M1vsM2_24m,tertiles,Relative Mortality,NEPmax,Mid,37,-0.94172,64.9,0.01049,0.04722,*
M1vsM2_24m,tertiles,Relative Mortality,WUE,Mid,37,-0.09238,70.3,0.01278,0.05229,ns
M1vsM2_24m,tertiles,Relative Mortality,uWUE,Mid,37,0.00547,45.9,0.548,0.6015,ns
M1vsM2_24m,tertiles,Relative Mortality,ETmax,Low,38,-0.00128,55.3,0.3477,0.4117,ns
M1vsM2_24m,tertiles,Relative Mortality,GPPsat,Low,38,-0.82532,63.2,0.01651,0.05715,ns
M1vsM2_24m,tertiles,Relative Mortality,NEPmax,Low,38,-0.70032,65.8,0.03842,0.0811,ns
M1vsM2_24m,tertiles,Relative Mortality,WUE,Low,38,0.01482,47.4,0.8344,0.8534,ns
M1vsM2_24m,tertiles,Relative Mortality,uWUE,Low,38,-0.01131,57.9,0.3804,0.4389,ns
M1vsM2_24m,tertiles,Relative Disturbance,ETmax,High,37,-0.00081,54.1,0.1421,0.2283,ns
M1vsM2_24m,tertiles,Relative Disturbance,GPPsat,High,37,-0.96841,70.3,0.004144,0.02547,*
M1vsM2_24m,tertiles,Relative Disturbance,NEPmax,High,37,-0.93326,70.3,0.003789,0.02547,*
M1vsM2_24m,tertiles,Relative Disturbance,WUE,High,37,-0.04994,62.2,0.05162,0.101,ns
M1vsM2_24m,tertiles,Relative Disturbance,uWUE,High,37,-0.10182,59.5,0.02322,0.06366,ns
M1vsM2_24m,tertiles,Relative Disturbance,ETmax,Mid,37,-0.00079,59.5,0.1258,0.2177,ns
M1vsM2_24m,tertiles,Relative Disturbance,GPPsat,Mid,37,-1.0227,70.3,0.002393,0.02547,*
M1vsM2_24m,tertiles,Relative Disturbance,NEPmax,Mid,37,-1.12169,73,0.001713,0.02547,*
M1vsM2_24m,tertiles,Relative Disturbance,WUE,Mid,37,-0.06976,70.3,0.02674,0.06366,ns
M1vsM2_24m,tertiles,Relative Disturbance,uWUE,Mid,37,0.00556,43.2,0.8613,0.8613,ns
M1vsM2_24m,tertiles,Relative Disturbance,ETmax,Low,38,-0.00019,50,0.5691,0.6074,ns
M1vsM2_24m,tertiles,Relative Disturbance,GPPsat,Low,38,-0.484,63.2,0.03965,0.0811,ns
M1vsM2_24m,tertiles,Relative Disturbance,NEPmax,Low,38,-0.47308,60.5,0.1516,0.2352,ns
M1vsM2_24m,tertiles,Relative Disturbance,WUE,Low,38,-0.00536,52.6,0.5804,0.6074,ns
M1vsM2_24m,tertiles,Relative Disturbance,uWUE,Low,38,-0.02578,63.2,0.1416,0.2283,ns
M1vsM2_24m,equal_width,Absolute Mortality,ETmax,Mid,52,-0.00016,50,0.4837,0.5062,ns
M1vsM2_24m,equal_width,Absolute Mortality,GPPsat,Mid,52,-0.57437,65.4,0.01127,0.04834,*
M1vsM2_24m,equal_width,Absolute Mortality,NEPmax,Mid,52,-0.55489,63.5,0.01182,0.04834,*
M1vsM2_24m,equal_width,Absolute Mortality,WUE,Mid,52,-0.07488,61.5,0.03532,0.08681,ns
M1vsM2_24m,equal_width,Absolute Mortality,uWUE,Mid,52,-0.01521,55.8,0.06472,0.1384,ns
M1vsM2_24m,equal_width,Absolute Mortality,ETmax,Low,54,-0.00242,61.1,0.03665,0.08681,ns
M1vsM2_24m,equal_width,Absolute Mortality,GPPsat,Low,54,-1.10012,70.4,0.0001763,0.007933,**
M1vsM2_24m,equal_width,Absolute Mortality,NEPmax,Low,54,-1.21804,72.2,0.0005181,0.009244,**
M1vsM2_24m,equal_width,Absolute Mortality,WUE,Low,54,-0.04039,63,0.2042,0.3404,ns
M1vsM2_24m,equal_width,Absolute Mortality,uWUE,Low,54,-0.00883,53.7,0.4623,0.4953,ns
M1vsM2_24m,equal_width,Absolute Mortality,ETmax,High,6,0.00117,33.3,0.8958,0.8958,ns
M1vsM2_24m,equal_width,Absolute Mortality,GPPsat,High,6,-0.27116,66.7,0.417,0.4811,ns
M1vsM2_24m,equal_width,Absolute Mortality,NEPmax,High,6,-0.29546,66.7,0.417,0.4811,ns
M1vsM2_24m,equal_width,Absolute Mortality,WUE,High,6,0.01244,50,0.583,0.5963,ns
M1vsM2_24m,equal_width,Absolute Mortality,uWUE,High,6,-0.02133,66.7,0.2647,0.3842,ns
M1vsM2_24m,equal_width,Relative Mortality,ETmax,Mid,34,-0.00092,52.9,0.2208,0.3521,ns
M1vsM2_24m,equal_width,Relative Mortality,GPPsat,Mid,34,-1.13322,76.5,0.0006163,0.009244,**
M1vsM2_24m,equal_width,Relative Mortality,NEPmax,Mid,34,-0.89694,76.5,0.000878,0.009878,**
M1vsM2_24m,equal_width,Relative Mortality,WUE,Mid,34,-0.03301,64.7,0.1124,0.2023,ns
M1vsM2_24m,equal_width,Relative Mortality,uWUE,Mid,34,-0.00401,52.9,0.3222,0.4264,ns
M1vsM2_24m,equal_width,Relative Mortality,ETmax,High,8,-0.00256,62.5,0.312,0.4255,ns
M1vsM2_24m,equal_width,Relative Mortality,GPPsat,High,8,-1.0555,75,0.07074,0.1384,ns
M1vsM2_24m,equal_width,Relative Mortality,NEPmax,High,8,-1.10798,75,0.09172,0.172,ns
M1vsM2_24m,equal_width,Relative Mortality,WUE,High,8,-0.28075,87.5,0.02116,0.06675,ns
M1vsM2_24m,equal_width,Relative Mortality,uWUE,High,8,-0.28703,87.5,0.05366,0.1207,ns
M1vsM2_24m,equal_width,Relative Mortality,ETmax,Low,70,-0.00062,54.3,0.2269,0.3521,ns
M1vsM2_24m,equal_width,Relative Mortality,GPPsat,Low,70,-0.60765,62.9,0.005453,0.03505,*
M1vsM2_24m,equal_width,Relative Mortality,NEPmax,Low,70,-0.60475,62.9,0.01452,0.05446,ns
M1vsM2_24m,equal_width,Relative Mortality,WUE,Low,70,-0.03196,57.1,0.2599,0.3842,ns
M1vsM2_24m,equal_width,Relative Mortality,uWUE,Low,70,-0.00764,52.9,0.3671,0.4589,ns
M1vsM2_24m,equal_width,Relative Disturbance,ETmax,Mid,39,-0.00104,56.4,0.06861,0.1384,ns
M1vsM2_24m,equal_width,Relative Disturbance,GPPsat,Mid,39,-1.09623,74.4,0.00138,0.01242,*
M1vsM2_24m,equal_width,Relative Disturbance,NEPmax,Mid,39,-0.6929,71.8,0.002571,0.01928,*
M1vsM2_24m,equal_width,Relative Disturbance,WUE,Mid,39,-0.03176,61.5,0.1993,0.3404,ns
M1vsM2_24m,equal_width,Relative Disturbance,uWUE,Mid,39,-0.00127,51.3,0.4363,0.4875,ns
M1vsM2_24m,equal_width,Relative Disturbance,ETmax,High,10,-0.00114,60,0.3417,0.4394,ns
M1vsM2_24m,equal_width,Relative Disturbance,GPPsat,High,10,-1.75479,80,0.02639,0.06987,ns
M1vsM2_24m,equal_width,Relative Disturbance,NEPmax,High,10,-1.43776,80,0.02639,0.06987,ns
M1vsM2_24m,equal_width,Relative Disturbance,WUE,High,10,-0.28075,90,0.007216,0.04059,*
M1vsM2_24m,equal_width,Relative Disturbance,uWUE,High,10,-0.28703,90,0.02075,0.06675,ns
M1vsM2_24m,equal_width,Relative Disturbance,ETmax,Low,63,-0.00045,52.4,0.3882,0.4721,ns
M1vsM2_24m,equal_width,Relative Disturbance,GPPsat,Low,63,-0.53372,61.9,0.009874,0.04834,*
M1vsM2_24m,equal_width,Relative Disturbance,NEPmax,Low,63,-0.5604,63.5,0.02225,0.06675,ns
M1vsM2_24m,equal_width,Relative Disturbance,WUE,Low,63,-0.0293,57.1,0.2815,0.3958,ns
M1vsM2_24m,equal_width,Relative Disturbance,uWUE,Low,63,-0.00813,52.4,0.4442,0.4875,ns
M1vsM2_24m,natural_breaks,Absolute Mortality,ETmax,High,29,-0.00079,55.2,0.3249,0.4122,ns
M1vsM2_24m,natural_breaks,Absolute Mortality,GPPsat,High,29,-0.54351,65.5,0.02853,0.07415,ns
M1vsM2_24m,natural_breaks,Absolute Mortality,NEPmax,High,29,-0.52407,69,0.02455,0.06905,ns
M1vsM2_24m,natural_breaks,Absolute Mortality,WUE,High,29,-0.04994,58.6,0.1172,0.1994,ns
M1vsM2_24m,natural_breaks,Absolute Mortality,uWUE,High,29,-0.00715,51.7,0.1935,0.2892,ns
M1vsM2_24m,natural_breaks,Absolute Mortality,ETmax,Mid,46,-3e-05,50,0.3882,0.4479,ns
M1vsM2_24m,natural_breaks,Absolute Mortality,GPPsat,Mid,46,-1.05523,76.1,0.001379,0.01571,*
M1vsM2_24m,natural_breaks,Absolute Mortality,NEPmax,Mid,46,-0.93749,69.6,0.00276,0.01571,*
M1vsM2_24m,natural_breaks,Absolute Mortality,WUE,Mid,46,-0.02472,56.5,0.1794,0.2783,ns
M1vsM2_24m,natural_breaks,Absolute Mortality,uWUE,Mid,46,-0.00883,58.7,0.219,0.2986,ns
M1vsM2_24m,natural_breaks,Absolute Mortality,ETmax,Low,37,-0.00284,59.5,0.0849,0.1661,ns
M1vsM2_24m,natural_breaks,Absolute Mortality,GPPsat,Low,37,-0.97887,59.5,0.01092,0.03276,*
M1vsM2_24m,natural_breaks,Absolute Mortality,NEPmax,Low,37,-0.6491,64.9,0.02966,0.07415,ns
M1vsM2_24m,natural_breaks,Absolute Mortality,WUE,Low,37,-0.06976,70.3,0.1197,0.1994,ns
M1vsM2_24m,natural_breaks,Absolute Mortality,uWUE,Low,37,-0.03101,54.1,0.2935,0.3885,ns
M1vsM2_24m,natural_breaks,Relative Mortality,ETmax,Mid,45,-0.00087,57.8,0.1114,0.1994,ns
M1vsM2_24m,natural_breaks,Relative Mortality,GPPsat,Mid,45,-1.0227,68.9,0.00129,0.01571,*
M1vsM2_24m,natural_breaks,Relative Mortality,NEPmax,Mid,45,-0.70203,68.9,0.003491,0.01571,*
M1vsM2_24m,natural_breaks,Relative Mortality,WUE,Mid,45,-0.06976,62.2,0.1319,0.212,ns
M1vsM2_24m,natural_breaks,Relative Mortality,uWUE,Mid,45,0.00721,42.2,0.7853,0.7853,ns
M1vsM2_24m,natural_breaks,Relative Mortality,ETmax,High,26,-6e-05,50,0.3706,0.4389,ns
M1vsM2_24m,natural_breaks,Relative Mortality,GPPsat,High,26,-0.78681,76.9,0.006877,0.02555,*
M1vsM2_24m,natural_breaks,Relative Mortality,NEPmax,High,26,-0.81308,73.1,0.00738,0.02555,*
M1vsM2_24m,natural_breaks,Relative Mortality,WUE,High,26,-0.07827,76.9,0.003288,0.01571,*
M1vsM2_24m,natural_breaks,Relative Mortality,uWUE,High,26,-0.14466,73.1,0.002817,0.01571,*
M1vsM2_24m,natural_breaks,Relative Mortality,ETmax,Low,41,-0.00111,53.7,0.3439,0.4183,ns
M1vsM2_24m,natural_breaks,Relative Mortality,GPPsat,Low,41,-0.67178,61,0.04124,0.0928,ns
M1vsM2_24m,natural_breaks,Relative Mortality,NEPmax,Low,41,-0.6491,63.4,0.05695,0.1165,ns
M1vsM2_24m,natural_breaks,Relative Mortality,WUE,Low,41,-0.00509,51.2,0.6749,0.7063,ns
M1vsM2_24m,natural_breaks,Relative Mortality,uWUE,Low,41,-0.01308,58.5,0.3298,0.4122,ns
M1vsM2_24m,natural_breaks,Relative Disturbance,ETmax,Mid,49,-0.00087,59.2,0.03749,0.0888,ns
M1vsM2_24m,natural_breaks,Relative Disturbance,GPPsat,Mid,49,-1.0227,67.3,0.002086,0.01571,*
M1vsM2_24m,natural_breaks,Relative Disturbance,NEPmax,Mid,49,-1.10098,71.4,0.0009244,0.01571,*
M1vsM2_24m,natural_breaks,Relative Disturbance,WUE,Mid,49,-0.04994,65.3,0.09128,0.1711,ns
M1vsM2_24m,natural_breaks,Relative Disturbance,uWUE,Mid,49,0.00556,44.9,0.7781,0.7853,ns
M1vsM2_24m,natural_breaks,Relative Disturbance,ETmax,High,24,-6e-05,50,0.4715,0.5305,ns
M1vsM2_24m,natural_breaks,Relative Disturbance,GPPsat,High,24,-1.03232,79.2,0.00267,0.01571,*
M1vsM2_24m,natural_breaks,Relative Disturbance,NEPmax,High,24,-1.10798,75,0.003467,0.01571,*
M1vsM2_24m,natural_breaks,Relative Disturbance,WUE,High,24,-0.09914,70.8,0.007286,0.02555,*
M1vsM2_24m,natural_breaks,Relative Disturbance,uWUE,High,24,-0.14466,66.7,0.009208,0.0296,*
M1vsM2_24m,natural_breaks,Relative Disturbance,ETmax,Low,39,-0.00045,51.3,0.5637,0.6187,ns
M1vsM2_24m,natural_breaks,Relative Disturbance,GPPsat,Low,39,-0.43427,61.5,0.0491,0.1052,ns
M1vsM2_24m,natural_breaks,Relative Disturbance,NEPmax,Low,39,-0.38575,59,0.1993,0.2892,ns
M1vsM2_24m,natural_breaks,Relative Disturbance,WUE,Low,39,-0.00509,51.3,0.6597,0.7063,ns
M1vsM2_24m,natural_breaks,Relative Disturbance,uWUE,Low,39,-0.02327,61.5,0.2112,0.2969,ns
M3vsM4_12m,tertiles,Absolute Mortality,ETmax,High,37,8e-05,45.9,0.4105,0.5034,ns
M3vsM4_12m,tertiles,Absolute Mortality,GPPsat,High,37,-1.08416,64.9,0.008571,0.03487,*
M3vsM4_12m,tertiles,Absolute Mortality,NEPmax,High,37,-0.66899,56.8,0.02322,0.05559,ns
M3vsM4_12m,tertiles,Absolute Mortality,WUE,High,37,-0.03643,56.8,0.4046,0.5034,ns
M3vsM4_12m,tertiles,Absolute Mortality,uWUE,High,37,-0.00709,54.1,0.2439,0.3429,ns
M3vsM4_12m,tertiles,Absolute Mortality,ETmax,Mid,37,-0.00077,51.4,0.4046,0.5034,ns
M3vsM4_12m,tertiles,Absolute Mortality,GPPsat,Mid,37,-0.97745,73,0.006678,0.03005,*
M3vsM4_12m,tertiles,Absolute Mortality,NEPmax,Mid,37,-0.76764,67.6,0.01549,0.04356,*
M3vsM4_12m,tertiles,Absolute Mortality,WUE,Mid,37,-0.00764,54.1,0.1597,0.2478,ns
M3vsM4_12m,tertiles,Absolute Mortality,uWUE,Mid,37,-0.028,54.1,0.2164,0.3246,ns
M3vsM4_12m,tertiles,Absolute Mortality,ETmax,Low,38,-0.00067,57.9,0.1516,0.2436,ns
M3vsM4_12m,tertiles,Absolute Mortality,GPPsat,Low,38,-0.74741,71.1,0.002342,0.02257,*
M3vsM4_12m,tertiles,Absolute Mortality,NEPmax,Low,38,-0.92946,71.1,0.001341,0.02257,*
M3vsM4_12m,tertiles,Absolute Mortality,WUE,Low,38,-0.08084,63.2,0.03275,0.07369,ns
M3vsM4_12m,tertiles,Absolute Mortality,uWUE,Low,38,-0.00143,50,0.4139,0.5034,ns
M3vsM4_12m,tertiles,Relative Mortality,ETmax,High,37,0.00104,45.9,0.6357,0.6811,ns
M3vsM4_12m,tertiles,Relative Mortality,GPPsat,High,37,-1.08416,67.6,0.005878,0.03005,*
M3vsM4_12m,tertiles,Relative Mortality,NEPmax,High,37,-0.66899,62.2,0.01182,0.04091,*
M3vsM4_12m,tertiles,Relative Mortality,WUE,High,37,-0.05529,56.8,0.09986,0.1664,ns
M3vsM4_12m,tertiles,Relative Mortality,uWUE,High,37,-0.06356,62.2,0.04701,0.08814,ns
M3vsM4_12m,tertiles,Relative Mortality,ETmax,Mid,37,-0.00254,59.5,0.03877,0.08309,ns
M3vsM4_12m,tertiles,Relative Mortality,GPPsat,Mid,37,-0.86817,73,0.003308,0.02481,*
M3vsM4_12m,tertiles,Relative Mortality,NEPmax,Mid,37,-0.8949,64.9,0.0093,0.03487,*
M3vsM4_12m,tertiles,Relative Mortality,WUE,Mid,37,-0.07229,67.6,0.04412,0.08814,ns
M3vsM4_12m,tertiles,Relative Mortality,uWUE,Mid,37,-0.02213,56.8,0.2391,0.3429,ns
M3vsM4_12m,tertiles,Relative Mortality,ETmax,Low,38,-8e-05,50,0.4884,0.5361,ns
M3vsM4_12m,tertiles,Relative Mortality,GPPsat,Low,38,-0.78193,68.4,0.005349,0.03005,*
M3vsM4_12m,tertiles,Relative Mortality,NEPmax,Low,38,-0.53691,68.4,0.006571,0.03005,*
M3vsM4_12m,tertiles,Relative Mortality,WUE,Low,38,0.00284,50,0.4884,0.5361,ns
M3vsM4_12m,tertiles,Relative Mortality,uWUE,Low,38,0.0403,39.5,0.8344,0.8344,ns
M3vsM4_12m,tertiles,Relative Disturbance,ETmax,High,37,-0.00099,51.4,0.4341,0.5141,ns
M3vsM4_12m,tertiles,Relative Disturbance,GPPsat,High,37,-1.08416,67.6,0.01435,0.04356,*
M3vsM4_12m,tertiles,Relative Disturbance,NEPmax,High,37,-0.48496,59.5,0.01549,0.04356,*
M3vsM4_12m,tertiles,Relative Disturbance,WUE,High,37,-0.01834,56.8,0.09724,0.1664,ns
M3vsM4_12m,tertiles,Relative Disturbance,uWUE,High,37,-0.07139,64.9,0.02084,0.05517,ns
M3vsM4_12m,tertiles,Relative Disturbance,ETmax,Mid,37,-0.00224,59.5,0.04701,0.08814,ns
M3vsM4_12m,tertiles,Relative Disturbance,GPPsat,Mid,37,-0.92178,70.3,0.002508,0.02257,*
M3vsM4_12m,tertiles,Relative Disturbance,NEPmax,Mid,37,-1.01321,70.3,0.001713,0.02257,*
M3vsM4_12m,tertiles,Relative Disturbance,WUE,Mid,37,-0.07477,64.9,0.0657,0.1183,ns
M3vsM4_12m,tertiles,Relative Disturbance,uWUE,Mid,37,0.04358,48.6,0.7561,0.7733,ns
M3vsM4_12m,tertiles,Relative Disturbance,ETmax,Low,38,0.00068,44.7,0.7142,0.7474,ns
M3vsM4_12m,tertiles,Relative Disturbance,GPPsat,Low,38,-0.78193,71.1,0.002451,0.02257,*
M3vsM4_12m,tertiles,Relative Disturbance,NEPmax,Low,38,-0.53691,65.8,0.02347,0.05559,ns
M3vsM4_12m,tertiles,Relative Disturbance,WUE,Low,38,-0.00995,52.6,0.3914,0.5034,ns
M3vsM4_12m,tertiles,Relative Disturbance,uWUE,Low,38,0.02128,44.7,0.4826,0.5361,ns
M3vsM4_12m,equal_width,Absolute Mortality,ETmax,Mid,52,-0.00037,50,0.2877,0.4176,ns
M3vsM4_12m,equal_width,Absolute Mortality,GPPsat,Mid,52,-0.45989,59.6,0.06024,0.1595,ns
M3vsM4_12m,equal_width,Absolute Mortality,NEPmax,Mid,52,-0.38063,55.8,0.1382,0.2705,ns
M3vsM4_12m,equal_width,Absolute Mortality,WUE,Mid,52,-0.02789,59.6,0.173,0.3243,ns
M3vsM4_12m,equal_width,Absolute Mortality,uWUE,Mid,52,-0.01957,53.8,0.1849,0.328,ns
M3vsM4_12m,equal_width,Absolute Mortality,ETmax,Low,54,-0.00075,57.4,0.1261,0.2697,ns
M3vsM4_12m,equal_width,Absolute Mortality,GPPsat,Low,54,-0.97961,75.9,3.006e-05,0.0007543,***
M3vsM4_12m,equal_width,Absolute Mortality,NEPmax,Low,54,-1.08852,72.2,3.352e-05,0.0007543,***
M3vsM4_12m,equal_width,Absolute Mortality,WUE,Low,54,-0.06964,55.6,0.05755,0.1595,ns
M3vsM4_12m,equal_width,Absolute Mortality,uWUE,Low,54,0.02128,46.3,0.565,0.6519,ns
M3vsM4_12m,equal_width,Absolute Mortality,ETmax,High,6,0.00341,16.7,0.9533,0.9533,ns
M3vsM4_12m,equal_width,Absolute Mortality,GPPsat,High,6,-2.34045,100,0.01802,0.06756,ns
M3vsM4_12m,equal_width,Absolute Mortality,NEPmax,High,6,-2.76984,83.3,0.02959,0.1024,ns
M3vsM4_12m,equal_width,Absolute Mortality,WUE,High,6,-0.08452,66.7,0.417,0.5361,ns
M3vsM4_12m,equal_width,Absolute Mortality,uWUE,High,6,-0.11022,100,0.01802,0.06756,ns
M3vsM4_12m,equal_width,Relative Mortality,ETmax,Mid,34,0.00053,47.1,0.4456,0.557,ns
M3vsM4_12m,equal_width,Relative Mortality,GPPsat,Mid,34,-1.2324,76.5,0.0008283,0.005834,**
M3vsM4_12m,equal_width,Relative Mortality,NEPmax,Mid,34,-1.09058,73.5,0.000878,0.005834,**
M3vsM4_12m,equal_width,Relative Mortality,WUE,Mid,34,-0.03048,52.9,0.2158,0.336,ns
M3vsM4_12m,equal_width,Relative Mortality,uWUE,Mid,34,-0.00421,52.9,0.3345,0.466,ns
M3vsM4_12m,equal_width,Relative Mortality,ETmax,High,8,0.00122,50,0.688,0.7445,ns
M3vsM4_12m,equal_width,Relative Mortality,GPPsat,High,8,0.39171,37.5,0.7794,0.7971,ns
M3vsM4_12m,equal_width,Relative Mortality,NEPmax,High,8,0.32058,37.5,0.6369,0.7165,ns
M3vsM4_12m,equal_width,Relative Mortality,WUE,High,8,-0.1199,75,0.09172,0.2172,ns
M3vsM4_12m,equal_width,Relative Mortality,uWUE,High,8,-0.13108,87.5,0.07074,0.1769,ns
M3vsM4_12m,equal_width,Relative Mortality,ETmax,Low,70,-0.00067,54.3,0.1318,0.2697,ns
M3vsM4_12m,equal_width,Relative Mortality,GPPsat,Low,70,-0.86198,70,0.0001561,0.001904,**
M3vsM4_12m,equal_width,Relative Mortality,NEPmax,Low,70,-0.67131,64.3,0.001816,0.009078,**
M3vsM4_12m,equal_width,Relative Mortality,WUE,Low,70,-0.04279,58.6,0.1257,0.2697,ns
M3vsM4_12m,equal_width,Relative Mortality,uWUE,Low,70,0.00995,48.6,0.4581,0.5571,ns
M3vsM4_12m,equal_width,Relative Disturbance,ETmax,Mid,39,-0.00064,51.3,0.2405,0.3607,ns
M3vsM4_12m,equal_width,Relative Disturbance,GPPsat,Mid,39,-1.21749,76.9,0.001444,0.008123,**
M3vsM4_12m,equal_width,Relative Disturbance,NEPmax,Mid,39,-1.0277,69.2,0.0009075,0.005834,**
M3vsM4_12m,equal_width,Relative Disturbance,WUE,Mid,39,-0.01668,53.8,0.2152,0.336,ns
M3vsM4_12m,equal_width,Relative Disturbance,uWUE,Mid,39,0.00306,48.7,0.5637,0.6519,ns
M3vsM4_12m,equal_width,Relative Disturbance,ETmax,High,10,0.00122,50,0.6949,0.7445,ns
M3vsM4_12m,equal_width,Relative Disturbance,GPPsat,High,10,0.39171,40,0.7296,0.7635,ns
M3vsM4_12m,equal_width,Relative Disturbance,NEPmax,High,10,0.12949,50,0.3417,0.466,ns
M3vsM4_12m,equal_width,Relative Disturbance,WUE,High,10,-0.16467,80,0.04157,0.1247,ns
M3vsM4_12m,equal_width,Relative Disturbance,uWUE,High,10,-0.20186,90,0.03327,0.1069,ns
M3vsM4_12m,equal_width,Relative Disturbance,ETmax,Low,63,-0.00057,52.4,0.2166,0.336,ns
M3vsM4_12m,equal_width,Relative Disturbance,GPPsat,Low,63,-0.80293,69.8,0.0001692,0.001904,**
M3vsM4_12m,equal_width,Relative Disturbance,NEPmax,Low,63,-0.64719,65.1,0.003319,0.01494,*
M3vsM4_12m,equal_width,Relative Disturbance,WUE,Low,63,-0.04025,57.1,0.1895,0.328,ns
M3vsM4_12m,equal_width,Relative Disturbance,uWUE,Low,63,0.00062,49.2,0.4066,0.5361,ns
M3vsM4_12m,natural_breaks,Absolute Mortality,ETmax,High,29,0.00178,37.9,0.7203,0.7479,ns
M3vsM4_12m,natural_breaks,Absolute Mortality,GPPsat,High,29,-1.08693,62.1,0.01095,0.0352,*
M3vsM4_12m,natural_breaks,Absolute Mortality,NEPmax,High,29,-0.69542,62.1,0.01895,0.05331,ns
M3vsM4_12m,natural_breaks,Absolute Mortality,WUE,High,29,-0.03643,55.2,0.5086,0.6023,ns
M3vsM4_12m,natural_breaks,Absolute Mortality,uWUE,High,29,-0.05143,58.6,0.2182,0.3079,ns
M3vsM4_12m,natural_breaks,Absolute Mortality,ETmax,Mid,46,-0.00112,54.3,0.219,0.3079,ns
M3vsM4_12m,natural_breaks,Absolute Mortality,GPPsat,Mid,46,-0.94904,73.9,0.003598,0.01858,*
M3vsM4_12m,natural_breaks,Absolute Mortality,NEPmax,Mid,46,-0.73053,63,0.01089,0.0352,*
M3vsM4_12m,natural_breaks,Absolute Mortality,WUE,Mid,46,-0.01801,56.5,0.1025,0.1648,ns
M3vsM4_12m,natural_breaks,Absolute Mortality,uWUE,Mid,46,-0.00478,52.2,0.219,0.3079,ns
M3vsM4_12m,natural_breaks,Absolute Mortality,ETmax,Low,37,-7e-04,59.5,0.1167,0.181,ns
M3vsM4_12m,natural_breaks,Absolute Mortality,GPPsat,Low,37,-0.73389,70.3,0.002883,0.01858,*
M3vsM4_12m,natural_breaks,Absolute Mortality,NEPmax,Low,37,-0.87564,70.3,0.002177,0.01858,*
M3vsM4_12m,natural_breaks,Absolute Mortality,WUE,Low,37,-0.07762,62.2,0.04555,0.0976,ns
M3vsM4_12m,natural_breaks,Absolute Mortality,uWUE,Low,37,0.01928,48.6,0.482,0.6023,ns
M3vsM4_12m,natural_breaks,Relative Mortality,ETmax,Mid,45,-0.00254,57.8,0.061,0.1098,ns
M3vsM4_12m,natural_breaks,Relative Mortality,GPPsat,Mid,45,-0.86817,68.9,0.002072,0.01858,*
M3vsM4_12m,natural_breaks,Relative Mortality,NEPmax,Mid,45,-1.01321,64.4,0.00413,0.01858,*
M3vsM4_12m,natural_breaks,Relative Mortality,WUE,Mid,45,-0.05331,62.2,0.08251,0.1375,ns
M3vsM4_12m,natural_breaks,Relative Mortality,uWUE,Mid,45,-0.00133,51.1,0.4955,0.6023,ns
M3vsM4_12m,natural_breaks,Relative Mortality,ETmax,High,26,0.00195,42.3,0.7918,0.7918,ns
M3vsM4_12m,natural_breaks,Relative Mortality,GPPsat,High,26,-1.08555,73.1,0.0119,0.03569,*
M3vsM4_12m,natural_breaks,Relative Mortality,NEPmax,High,26,-0.45583,61.5,0.04441,0.0976,ns
M3vsM4_12m,natural_breaks,Relative Mortality,WUE,High,26,-0.08656,61.5,0.06066,0.1098,ns
M3vsM4_12m,natural_breaks,Relative Mortality,uWUE,High,26,-0.08905,73.1,0.008484,0.03181,*
M3vsM4_12m,natural_breaks,Relative Mortality,ETmax,Low,41,-0.00057,51.2,0.4179,0.5531,ns
M3vsM4_12m,natural_breaks,Relative Mortality,GPPsat,Low,41,-0.76094,68.3,0.003516,0.01858,*
M3vsM4_12m,natural_breaks,Relative Mortality,NEPmax,Low,41,-0.42663,68.3,0.005343,0.02186,*
M3vsM4_12m,natural_breaks,Relative Mortality,WUE,Low,41,-0.00057,51.2,0.4078,0.5531,ns
M3vsM4_12m,natural_breaks,Relative Mortality,uWUE,Low,41,0.03625,41.5,0.7113,0.7479,ns
M3vsM4_12m,natural_breaks,Relative Disturbance,ETmax,Mid,49,-0.00227,59.2,0.04541,0.0976,ns
M3vsM4_12m,natural_breaks,Relative Disturbance,GPPsat,Mid,49,-1.08416,69.4,0.0007285,0.01639,*
M3vsM4_12m,natural_breaks,Relative Disturbance,NEPmax,Mid,49,-1.0277,69.4,0.0004008,0.01639,*
M3vsM4_12m,natural_breaks,Relative Disturbance,WUE,Mid,49,-0.06486,63.3,0.05801,0.1098,ns
M3vsM4_12m,natural_breaks,Relative Disturbance,uWUE,Mid,49,0.03774,49,0.7313,0.7479,ns
M3vsM4_12m,natural_breaks,Relative Disturbance,ETmax,High,24,0.00168,45.8,0.5737,0.6454,ns
M3vsM4_12m,natural_breaks,Relative Disturbance,GPPsat,High,24,-0.98976,70.8,0.02872,0.07601,ns
M3vsM4_12m,natural_breaks,Relative Disturbance,NEPmax,High,24,-0.38066,58.3,0.05323,0.1089,ns
M3vsM4_12m,natural_breaks,Relative Disturbance,WUE,High,24,-0.06354,58.3,0.07864,0.1361,ns
M3vsM4_12m,natural_breaks,Relative Disturbance,uWUE,High,24,-0.11793,75,0.003467,0.01858,*
M3vsM4_12m,natural_breaks,Relative Disturbance,ETmax,Low,39,0.00058,46.2,0.7045,0.7479,ns
M3vsM4_12m,natural_breaks,Relative Disturbance,GPPsat,Low,39,-0.76094,69.2,0.004091,0.01858,*
M3vsM4_12m,natural_breaks,Relative Disturbance,NEPmax,Low,39,-0.42663,64.1,0.03325,0.08312,ns
M3vsM4_12m,natural_breaks,Relative Disturbance,WUE,Low,39,-0.00057,51.3,0.4916,0.6023,ns
M3vsM4_12m,natural_breaks,Relative Disturbance,uWUE,Low,39,0.02329,43.6,0.5527,0.6378,ns
M3vsM4_24m,tertiles,Absolute Mortality,ETmax,High,37,0.00102,40.5,0.9545,0.9599,ns
M3vsM4_24m,tertiles,Absolute Mortality,GPPsat,High,37,-0.69939,73,0.01329,0.046,*
M3vsM4_24m,tertiles,Absolute Mortality,NEPmax,High,37,-0.52299,70.3,0.002076,0.02246,*
M3vsM4_24m,tertiles,Absolute Mortality,WUE,High,37,-0.05685,64.9,0.05324,0.1089,ns
M3vsM4_24m,tertiles,Absolute Mortality,uWUE,High,37,-0.03096,56.8,0.2299,0.3448,ns
M3vsM4_24m,tertiles,Absolute Mortality,ETmax,Mid,37,-0.00095,56.8,0.3474,0.4738,ns
M3vsM4_24m,tertiles,Absolute Mortality,GPPsat,Mid,37,-0.7547,67.6,0.02769,0.06253,ns
M3vsM4_24m,tertiles,Absolute Mortality,NEPmax,Mid,37,-0.85616,64.9,0.06765,0.1268,ns
M3vsM4_24m,tertiles,Absolute Mortality,WUE,Mid,37,0.01628,48.6,0.1827,0.2936,ns
M3vsM4_24m,tertiles,Absolute Mortality,uWUE,Mid,37,-0.02372,56.8,0.108,0.187,ns
M3vsM4_24m,tertiles,Absolute Mortality,ETmax,Low,38,0.00045,47.4,0.4942,0.6011,ns
M3vsM4_24m,tertiles,Absolute Mortality,GPPsat,Low,38,-0.47553,68.4,0.007417,0.03709,*
M3vsM4_24m,tertiles,Absolute Mortality,NEPmax,Low,38,-1.06542,68.4,0.0005801,0.02246,*
M3vsM4_24m,tertiles,Absolute Mortality,WUE,Low,38,-0.05695,63.2,0.126,0.2099,ns
M3vsM4_24m,tertiles,Absolute Mortality,uWUE,Low,38,0.01681,47.4,0.6196,0.715,ns
M3vsM4_24m,tertiles,Relative Mortality,ETmax,High,37,0.00109,43.2,0.9599,0.9599,ns
M3vsM4_24m,tertiles,Relative Mortality,GPPsat,High,37,-0.7547,67.6,0.01549,0.04647,*
M3vsM4_24m,tertiles,Relative Mortality,NEPmax,High,37,-0.61055,70.3,0.003308,0.02246,*
M3vsM4_24m,tertiles,Relative Mortality,WUE,High,37,-0.06801,64.9,0.01435,0.04613,*
M3vsM4_24m,tertiles,Relative Mortality,uWUE,High,37,-0.05887,67.6,0.02582,0.06253,ns
M3vsM4_24m,tertiles,Relative Mortality,ETmax,Mid,37,0.00073,43.2,0.607,0.715,ns
M3vsM4_24m,tertiles,Relative Mortality,GPPsat,Mid,37,-0.58912,75.7,0.007263,0.03709,*
M3vsM4_24m,tertiles,Relative Mortality,NEPmax,Mid,37,-0.62133,70.3,0.01136,0.04261,*
M3vsM4_24m,tertiles,Relative Mortality,WUE,Mid,37,-0.05786,64.9,0.06011,0.1176,ns
M3vsM4_24m,tertiles,Relative Mortality,uWUE,Mid,37,-0.0025,51.4,0.3757,0.489,ns
M3vsM4_24m,tertiles,Relative Mortality,ETmax,Low,38,-0.00117,57.9,0.2125,0.3298,ns
M3vsM4_24m,tertiles,Relative Mortality,GPPsat,Low,38,-0.54238,65.8,0.02779,0.06253,ns
M3vsM4_24m,tertiles,Relative Mortality,NEPmax,Low,38,-1.00004,63.2,0.003494,0.02246,*
M3vsM4_24m,tertiles,Relative Mortality,WUE,Low,38,0.00759,47.4,0.4942,0.6011,ns
M3vsM4_24m,tertiles,Relative Mortality,uWUE,Low,38,0.01771,42.1,0.845,0.9274,ns
M3vsM4_24m,tertiles,Relative Disturbance,ETmax,High,37,0.00064,45.9,0.9304,0.9599,ns
M3vsM4_24m,tertiles,Relative Disturbance,GPPsat,High,37,-1.00628,64.9,0.04138,0.08867,ns
M3vsM4_24m,tertiles,Relative Disturbance,NEPmax,High,37,-0.60227,67.6,0.002883,0.02246,*
M3vsM4_24m,tertiles,Relative Disturbance,WUE,High,37,-0.06801,62.2,0.0201,0.0532,ns
M3vsM4_24m,tertiles,Relative Disturbance,uWUE,High,37,-0.0618,70.3,0.01136,0.04261,*
M3vsM4_24m,tertiles,Relative Disturbance,ETmax,Mid,37,-0.00047,51.4,0.2391,0.3471,ns
M3vsM4_24m,tertiles,Relative Disturbance,GPPsat,Mid,37,-0.58912,78.4,0.002508,0.02246,*
M3vsM4_24m,tertiles,Relative Disturbance,NEPmax,Mid,37,-0.62133,73,0.003308,0.02246,*
M3vsM4_24m,tertiles,Relative Disturbance,WUE,Mid,37,-0.05685,62.2,0.09216,0.1659,ns
M3vsM4_24m,tertiles,Relative Disturbance,uWUE,Mid,37,0.05127,37.8,0.9151,0.9599,ns
M3vsM4_24m,tertiles,Relative Disturbance,ETmax,Low,38,0.00076,47.4,0.6941,0.7809,ns
M3vsM4_24m,tertiles,Relative Disturbance,GPPsat,Low,38,-0.54238,65.8,0.01774,0.04989,*
M3vsM4_24m,tertiles,Relative Disturbance,NEPmax,Low,38,-1.0953,63.2,0.008695,0.03913,*
M3vsM4_24m,tertiles,Relative Disturbance,WUE,Low,38,-0.02805,52.6,0.2524,0.3549,ns
M3vsM4_24m,tertiles,Relative Disturbance,uWUE,Low,38,-0.00722,52.6,0.3804,0.489,ns
M3vsM4_24m,equal_width,Absolute Mortality,ETmax,Mid,52,0.00079,48.1,0.8597,0.8997,ns
M3vsM4_24m,equal_width,Absolute Mortality,GPPsat,Mid,52,-0.38311,63.5,0.1528,0.2567,ns
M3vsM4_24m,equal_width,Absolute Mortality,NEPmax,Mid,52,-0.4986,61.5,0.09563,0.2039,ns
M3vsM4_24m,equal_width,Absolute Mortality,WUE,Mid,52,-0.05736,63.5,0.03979,0.1247,ns
M3vsM4_24m,equal_width,Absolute Mortality,uWUE,Mid,52,-0.03522,59.6,0.1103,0.2068,ns
M3vsM4_24m,equal_width,Absolute Mortality,ETmax,Low,54,8e-05,50,0.362,0.5431,ns
M3vsM4_24m,equal_width,Absolute Mortality,GPPsat,Low,54,-0.70658,72.2,0.0001822,0.004002,**
M3vsM4_24m,equal_width,Absolute Mortality,NEPmax,Low,54,-1.1262,70.4,2.08e-05,0.0009358,***
M3vsM4_24m,equal_width,Absolute Mortality,WUE,Low,54,-0.03512,53.7,0.1718,0.2761,ns
M3vsM4_24m,equal_width,Absolute Mortality,uWUE,Low,54,0.01771,44.4,0.6882,0.7941,ns
M3vsM4_24m,equal_width,Absolute Mortality,ETmax,High,6,0.00182,33.3,0.7353,0.8075,ns
M3vsM4_24m,equal_width,Absolute Mortality,GPPsat,High,6,-2.00315,100,0.01802,0.06756,ns
M3vsM4_24m,equal_width,Absolute Mortality,NEPmax,High,6,-2.53287,100,0.01802,0.06756,ns
M3vsM4_24m,equal_width,Absolute Mortality,WUE,High,6,-0.09878,66.7,0.1042,0.2039,ns
M3vsM4_24m,equal_width,Absolute Mortality,uWUE,High,6,-0.04874,83.3,0.1042,0.2039,ns
M3vsM4_24m,equal_width,Relative Mortality,ETmax,Mid,34,0.00097,41.2,0.946,0.946,ns
M3vsM4_24m,equal_width,Relative Mortality,GPPsat,Mid,34,-1.15143,73.5,0.001638,0.01053,*
M3vsM4_24m,equal_width,Relative Mortality,NEPmax,Mid,34,-1.37821,79.4,0.0003557,0.004002,**
M3vsM4_24m,equal_width,Relative Mortality,WUE,Mid,34,-0.04455,58.8,0.0857,0.2039,ns
M3vsM4_24m,equal_width,Relative Mortality,uWUE,Mid,34,-0.03486,58.8,0.2691,0.4176,ns
M3vsM4_24m,equal_width,Relative Mortality,ETmax,High,8,-0.00161,62.5,0.5832,0.7093,ns
M3vsM4_24m,equal_width,Relative Mortality,GPPsat,High,8,0.12444,50,0.7357,0.8075,ns
M3vsM4_24m,equal_width,Relative Mortality,NEPmax,High,8,0.12641,50,0.4168,0.5837,ns
M3vsM4_24m,equal_width,Relative Mortality,WUE,High,8,-0.11807,87.5,0.07074,0.199,ns
M3vsM4_24m,equal_width,Relative Mortality,uWUE,High,8,-0.19372,87.5,0.09172,0.2039,ns
M3vsM4_24m,equal_width,Relative Mortality,ETmax,Low,70,8e-05,50,0.4257,0.5837,ns
M3vsM4_24m,equal_width,Relative Mortality,GPPsat,Low,70,-0.53871,70,0.00192,0.0108,*
M3vsM4_24m,equal_width,Relative Mortality,NEPmax,Low,70,-0.60644,64.3,0.001622,0.01053,*
M3vsM4_24m,equal_width,Relative Mortality,WUE,Low,70,-0.04081,55.7,0.08915,0.2039,ns
M3vsM4_24m,equal_width,Relative Mortality,uWUE,Low,70,0.01412,47.1,0.5303,0.6629,ns
M3vsM4_24m,equal_width,Relative Disturbance,ETmax,Mid,39,0.00085,43.6,0.9314,0.946,ns
M3vsM4_24m,equal_width,Relative Disturbance,GPPsat,Mid,39,-1.19075,74.4,0.00216,0.0108,*
M3vsM4_24m,equal_width,Relative Disturbance,NEPmax,Mid,39,-1.19159,74.4,0.0002763,0.004002,**
M3vsM4_24m,equal_width,Relative Disturbance,WUE,Mid,39,-0.03225,56.4,0.09598,0.2039,ns
M3vsM4_24m,equal_width,Relative Disturbance,uWUE,Mid,39,-0.02372,56.4,0.4861,0.6376,ns
M3vsM4_24m,equal_width,Relative Disturbance,ETmax,High,10,-0.00161,60,0.6201,0.7343,ns
M3vsM4_24m,equal_width,Relative Disturbance,GPPsat,High,10,0.12444,50,0.7622,0.8167,ns
M3vsM4_24m,equal_width,Relative Disturbance,NEPmax,High,10,-0.28759,60,0.154,0.2567,ns
M3vsM4_24m,equal_width,Relative Disturbance,WUE,High,10,-0.16558,90,0.03327,0.1152,ns
M3vsM4_24m,equal_width,Relative Disturbance,uWUE,High,10,-0.23799,90,0.04157,0.1247,ns
M3vsM4_24m,equal_width,Relative Disturbance,ETmax,Low,63,0.00034,49.2,0.428,0.5837,ns
M3vsM4_24m,equal_width,Relative Disturbance,GPPsat,Low,63,-0.58912,69.8,0.0015,0.01053,*
M3vsM4_24m,equal_width,Relative Disturbance,NEPmax,Low,63,-0.59156,65.1,0.003459,0.01556,*
M3vsM4_24m,equal_width,Relative Disturbance,WUE,Low,63,-0.03957,55.6,0.1257,0.2263,ns
M3vsM4_24m,equal_width,Relative Disturbance,uWUE,Low,63,0.01607,46,0.4959,0.6376,ns
M3vsM4_24m,natural_breaks,Absolute Mortality,ETmax,High,29,0.00085,44.8,0.9064,0.9196,ns
M3vsM4_24m,natural_breaks,Absolute Mortality,GPPsat,High,29,-0.93616,69,0.02105,0.05262,ns
M3vsM4_24m,natural_breaks,Absolute Mortality,NEPmax,High,29,-0.54582,72.4,0.002469,0.01996,*
M3vsM4_24m,natural_breaks,Absolute Mortality,WUE,High,29,-0.04514,62.1,0.09358,0.1684,ns
M3vsM4_24m,natural_breaks,Absolute Mortality,uWUE,High,29,-0.03096,58.6,0.2653,0.398,ns
M3vsM4_24m,natural_breaks,Absolute Mortality,ETmax,Mid,46,-0.00054,52.2,0.4869,0.6445,ns
M3vsM4_24m,natural_breaks,Absolute Mortality,GPPsat,Mid,46,-0.61964,71.7,0.01612,0.04534,*
M3vsM4_24m,natural_breaks,Absolute Mortality,NEPmax,Mid,46,-0.76181,65.2,0.03086,0.06944,ns
M3vsM4_24m,natural_breaks,Absolute Mortality,WUE,Mid,46,-0.04013,54.3,0.07012,0.1315,ns
M3vsM4_24m,natural_breaks,Absolute Mortality,uWUE,Mid,46,-0.02486,56.5,0.07012,0.1315,ns
M3vsM4_24m,natural_breaks,Absolute Mortality,ETmax,Low,37,0.00056,45.9,0.5659,0.7276,ns
M3vsM4_24m,natural_breaks,Absolute Mortality,GPPsat,Low,37,-0.46275,67.6,0.01049,0.03373,*
M3vsM4_24m,natural_breaks,Absolute Mortality,NEPmax,Low,37,-0.93926,67.6,0.0009425,0.01414,*
M3vsM4_24m,natural_breaks,Absolute Mortality,WUE,Low,37,-0.04589,62.2,0.1634,0.2723,ns
M3vsM4_24m,natural_breaks,Absolute Mortality,uWUE,Low,37,0.01754,45.9,0.7065,0.7647,ns
M3vsM4_24m,natural_breaks,Relative Mortality,ETmax,Mid,45,0.00103,40,0.9067,0.9196,ns
M3vsM4_24m,natural_breaks,Relative Mortality,GPPsat,Mid,45,-0.65847,73.3,0.003491,0.01996,*
M3vsM4_24m,natural_breaks,Relative Mortality,NEPmax,Mid,45,-0.62133,71.1,0.006718,0.02968,*
M3vsM4_24m,natural_breaks,Relative Mortality,WUE,Mid,45,-0.04494,57.8,0.1833,0.2945,ns
M3vsM4_24m,natural_breaks,Relative Mortality,uWUE,Mid,45,0.00898,48.9,0.7138,0.7647,ns
M3vsM4_24m,natural_breaks,Relative Mortality,ETmax,High,26,-3e-04,50,0.7031,0.7647,ns
M3vsM4_24m,natural_breaks,Relative Mortality,GPPsat,High,26,-0.88049,69.2,0.04208,0.09017,ns
M3vsM4_24m,natural_breaks,Relative Mortality,NEPmax,High,26,-0.72922,69.2,0.007915,0.02968,*
M3vsM4_24m,natural_breaks,Relative Mortality,WUE,High,26,-0.12274,73.1,0.004128,0.02064,*
M3vsM4_24m,natural_breaks,Relative Mortality,uWUE,High,26,-0.1131,76.9,0.003549,0.01996,*
M3vsM4_24m,natural_breaks,Relative Mortality,ETmax,Low,41,-0.00095,56.1,0.2146,0.333,ns
M3vsM4_24m,natural_breaks,Relative Mortality,GPPsat,Low,41,-0.58912,65.9,0.0179,0.04738,*
M3vsM4_24m,natural_breaks,Relative Mortality,NEPmax,Low,41,-0.93926,63.4,0.002668,0.01996,*
M3vsM4_24m,natural_breaks,Relative Mortality,WUE,Low,41,-0.02544,51.2,0.3251,0.4571,ns
M3vsM4_24m,natural_breaks,Relative Mortality,uWUE,Low,41,0.01754,43.9,0.6979,0.7647,ns
M3vsM4_24m,natural_breaks,Relative Disturbance,ETmax,Mid,49,0.00073,44.9,0.6361,0.7647,ns
M3vsM4_24m,natural_breaks,Relative Disturbance,GPPsat,Mid,49,-0.65847,73.5,0.002086,0.01996,*
M3vsM4_24m,natural_breaks,Relative Disturbance,NEPmax,Mid,49,-0.66745,71.4,0.0004791,0.01414,*
M3vsM4_24m,natural_breaks,Relative Disturbance,WUE,Mid,49,-0.04589,59.2,0.1163,0.2013,ns
M3vsM4_24m,natural_breaks,Relative Disturbance,uWUE,Mid,49,0.03366,38.8,0.9196,0.9196,ns
M3vsM4_24m,natural_breaks,Relative Disturbance,ETmax,High,24,-8e-04,54.2,0.6711,0.7647,ns
M3vsM4_24m,natural_breaks,Relative Disturbance,GPPsat,High,24,-1.01123,70.8,0.06681,0.1315,ns
M3vsM4_24m,natural_breaks,Relative Disturbance,NEPmax,High,24,-0.57404,70.8,0.009941,0.03373,*
M3vsM4_24m,natural_breaks,Relative Disturbance,WUE,High,24,-0.10342,70.8,0.007883,0.02968,*
M3vsM4_24m,natural_breaks,Relative Disturbance,uWUE,High,24,-0.1131,87.5,0.0008783,0.01414,*
M3vsM4_24m,natural_breaks,Relative Disturbance,ETmax,Low,39,0.00056,48.7,0.6898,0.7647,ns
M3vsM4_24m,natural_breaks,Relative Disturbance,GPPsat,Low,39,-0.4883,64.1,0.02415,0.05721,ns
M3vsM4_24m,natural_breaks,Relative Disturbance,NEPmax,Low,39,-1.06081,61.5,0.01349,0.04046,*
M3vsM4_24m,natural_breaks,Relative Disturbance,WUE,Low,39,-0.02544,51.3,0.3151,0.4571,ns
M3vsM4_24m,natural_breaks,Relative Disturbance,uWUE,Low,39,-0.00571,51.3,0.4528,0.6174,ns
M5vsM6_raw_12m,tertiles,Absolute Mortality,ETmax,High,37,-0.00014,54.1,0.32,0.5647,ns
M5vsM6_raw_12m,tertiles,Absolute Mortality,GPPsat,High,37,0.04335,48.6,0.8646,0.8679,ns
M5vsM6_raw_12m,tertiles,Absolute Mortality,NEPmax,High,37,0.1149,43.2,0.7836,0.8396,ns
M5vsM6_raw_12m,tertiles,Absolute Mortality,WUE,High,37,-0.01369,51.4,0.1991,0.4751,ns
M5vsM6_raw_12m,tertiles,Absolute Mortality,uWUE,High,37,-0.01258,56.8,0.2033,0.4751,ns
M5vsM6_raw_12m,tertiles,Absolute Mortality,ETmax,Mid,37,0.00026,37.8,0.8679,0.8679,ns
M5vsM6_raw_12m,tertiles,Absolute Mortality,GPPsat,Mid,37,-0.07969,56.8,0.1137,0.3859,ns
M5vsM6_raw_12m,tertiles,Absolute Mortality,NEPmax,Mid,37,0.01353,48.6,0.2345,0.4751,ns
M5vsM6_raw_12m,tertiles,Absolute Mortality,WUE,Mid,37,-0.00749,51.4,0.2439,0.4751,ns
M5vsM6_raw_12m,tertiles,Absolute Mortality,uWUE,Mid,37,-0.00025,51.4,0.2391,0.4751,ns
M5vsM6_raw_12m,tertiles,Absolute Mortality,ETmax,Low,38,-0.0012,65.8,0.0715,0.3675,ns
M5vsM6_raw_12m,tertiles,Absolute Mortality,GPPsat,Low,38,-0.21224,63.2,0.01325,0.3675,ns
M5vsM6_raw_12m,tertiles,Absolute Mortality,NEPmax,Low,38,-0.04489,55.3,0.0735,0.3675,ns
M5vsM6_raw_12m,tertiles,Absolute Mortality,WUE,Low,38,-0.01764,55.3,0.337,0.5647,ns
M5vsM6_raw_12m,tertiles,Absolute Mortality,uWUE,Low,38,-0.00947,57.9,0.397,0.5789,ns
M5vsM6_raw_12m,tertiles,Relative Mortality,ETmax,High,37,-0.00014,51.4,0.4759,0.6205,ns
M5vsM6_raw_12m,tertiles,Relative Mortality,GPPsat,High,37,0.04335,48.6,0.6243,0.7204,ns
M5vsM6_raw_12m,tertiles,Relative Mortality,NEPmax,High,37,0.10958,35.1,0.8133,0.8511,ns
M5vsM6_raw_12m,tertiles,Relative Mortality,WUE,High,37,-0.00145,51.4,0.44,0.6001,ns
M5vsM6_raw_12m,tertiles,Relative Mortality,uWUE,High,37,0.01197,45.9,0.3586,0.5647,ns
M5vsM6_raw_12m,tertiles,Relative Mortality,ETmax,Mid,37,-7e-05,51.4,0.1597,0.4751,ns
M5vsM6_raw_12m,tertiles,Relative Mortality,GPPsat,Mid,37,-0.12872,64.9,0.04555,0.3675,ns
M5vsM6_raw_12m,tertiles,Relative Mortality,NEPmax,Mid,37,-0.14876,62.2,0.03752,0.3675,ns
M5vsM6_raw_12m,tertiles,Relative Mortality,WUE,Mid,37,-0.0363,56.8,0.0849,0.382,ns
M5vsM6_raw_12m,tertiles,Relative Mortality,uWUE,Mid,37,-0.0209,67.6,0.05162,0.3675,ns
M5vsM6_raw_12m,tertiles,Relative Mortality,ETmax,Low,38,-8e-05,55.3,0.5058,0.6322,ns
M5vsM6_raw_12m,tertiles,Relative Mortality,GPPsat,Low,38,-0.03815,55.3,0.1201,0.3859,ns
M5vsM6_raw_12m,tertiles,Relative Mortality,NEPmax,Low,38,-0.01289,50,0.3639,0.5647,ns
M5vsM6_raw_12m,tertiles,Relative Mortality,WUE,Low,38,-0.01348,50,0.3423,0.5647,ns
M5vsM6_raw_12m,tertiles,Relative Mortality,uWUE,Low,38,-0.00463,52.6,0.4826,0.6205,ns
M5vsM6_raw_12m,tertiles,Relative Disturbance,ETmax,High,37,-0.00068,54.1,0.3988,0.5789,ns
M5vsM6_raw_12m,tertiles,Relative Disturbance,GPPsat,High,37,-0.01344,51.4,0.607,0.7188,ns
M5vsM6_raw_12m,tertiles,Relative Disturbance,NEPmax,High,37,0.10958,35.1,0.7514,0.8247,ns
M5vsM6_raw_12m,tertiles,Relative Disturbance,WUE,High,37,-0.01369,56.8,0.2164,0.4751,ns
M5vsM6_raw_12m,tertiles,Relative Disturbance,uWUE,High,37,-0.00025,51.4,0.2534,0.4751,ns
M5vsM6_raw_12m,tertiles,Relative Disturbance,ETmax,Mid,37,-0.00058,54.1,0.1197,0.3859,ns
M5vsM6_raw_12m,tertiles,Relative Disturbance,GPPsat,Mid,37,-0.12191,62.2,0.06011,0.3675,ns
M5vsM6_raw_12m,tertiles,Relative Disturbance,NEPmax,Mid,37,-0.14876,62.2,0.02322,0.3675,ns
M5vsM6_raw_12m,tertiles,Relative Disturbance,WUE,Mid,37,-0.04078,56.8,0.04555,0.3675,ns
M5vsM6_raw_12m,tertiles,Relative Disturbance,uWUE,Mid,37,-0.01233,59.5,0.2439,0.4751,ns
M5vsM6_raw_12m,tertiles,Relative Disturbance,ETmax,Low,38,3e-05,50,0.6577,0.7399,ns
M5vsM6_raw_12m,tertiles,Relative Disturbance,GPPsat,Low,38,-0.0787,55.3,0.1035,0.3859,ns
M5vsM6_raw_12m,tertiles,Relative Disturbance,NEPmax,Low,38,-0.01289,50,0.4366,0.6001,ns
M5vsM6_raw_12m,tertiles,Relative Disturbance,WUE,Low,38,0.00634,44.7,0.5974,0.7188,ns
M5vsM6_raw_12m,tertiles,Relative Disturbance,uWUE,Low,38,-0.0147,55.3,0.2211,0.4751,ns
M5vsM6_raw_12m,equal_width,Absolute Mortality,ETmax,Mid,52,0.00062,40.4,0.8716,0.9566,ns
M5vsM6_raw_12m,equal_width,Absolute Mortality,GPPsat,Mid,52,0.08929,44.2,0.845,0.9507,ns
M5vsM6_raw_12m,equal_width,Absolute Mortality,NEPmax,Mid,52,0.1115,40.4,0.8127,0.9377,ns
M5vsM6_raw_12m,equal_width,Absolute Mortality,WUE,Mid,52,-0.03074,57.7,0.03462,0.2105,ns
M5vsM6_raw_12m,equal_width,Absolute Mortality,uWUE,Mid,52,-0.01004,55.8,0.1777,0.3766,ns
M5vsM6_raw_12m,equal_width,Absolute Mortality,ETmax,Low,54,-0.00092,63,0.04024,0.2105,ns
M5vsM6_raw_12m,equal_width,Absolute Mortality,GPPsat,Low,54,-0.21224,66.7,0.001572,0.07074,ns
M5vsM6_raw_12m,equal_width,Absolute Mortality,NEPmax,Low,54,-0.06757,57.4,0.02108,0.2105,ns
M5vsM6_raw_12m,equal_width,Absolute Mortality,WUE,Low,54,0.00056,50,0.4114,0.6612,ns
M5vsM6_raw_12m,equal_width,Absolute Mortality,uWUE,Low,54,-0.00248,51.9,0.3981,0.6612,ns
M5vsM6_raw_12m,equal_width,Absolute Mortality,ETmax,High,6,-0.00172,66.7,0.2008,0.3766,ns
M5vsM6_raw_12m,equal_width,Absolute Mortality,GPPsat,High,6,-0.04876,66.7,0.5,0.75,ns
M5vsM6_raw_12m,equal_width,Absolute Mortality,NEPmax,High,6,-0.10591,50,0.583,0.8201,ns
M5vsM6_raw_12m,equal_width,Absolute Mortality,WUE,High,6,0.02562,33.3,0.7353,0.9377,ns
M5vsM6_raw_12m,equal_width,Absolute Mortality,uWUE,High,6,-0.0581,83.3,0.2008,0.3766,ns
M5vsM6_raw_12m,equal_width,Relative Mortality,ETmax,Mid,34,1e-05,50,0.4659,0.723,ns
M5vsM6_raw_12m,equal_width,Relative Mortality,GPPsat,Mid,34,-0.04939,64.7,0.04211,0.2105,ns
M5vsM6_raw_12m,equal_width,Relative Mortality,NEPmax,Mid,34,0.0138,47.1,0.2158,0.3884,ns
M5vsM6_raw_12m,equal_width,Relative Mortality,WUE,Mid,34,0.00849,44.1,0.696,0.9377,ns
M5vsM6_raw_12m,equal_width,Relative Mortality,uWUE,Mid,34,0.02097,38.2,0.7792,0.9377,ns
M5vsM6_raw_12m,equal_width,Relative Mortality,ETmax,High,8,0.00023,50,0.5832,0.8201,ns
M5vsM6_raw_12m,equal_width,Relative Mortality,GPPsat,High,8,1.04483,12.5,0.985,0.9875,ns
M5vsM6_raw_12m,equal_width,Relative Mortality,NEPmax,High,8,0.40688,25,0.9293,0.9875,ns
M5vsM6_raw_12m,equal_width,Relative Mortality,WUE,High,8,-0.03193,75,0.07074,0.2449,ns
M5vsM6_raw_12m,equal_width,Relative Mortality,uWUE,High,8,-0.04792,75,0.04003,0.2105,ns
M5vsM6_raw_12m,equal_width,Relative Mortality,ETmax,Low,70,-8e-05,54.3,0.1948,0.3766,ns
M5vsM6_raw_12m,equal_width,Relative Mortality,GPPsat,Low,70,-0.0787,57.1,0.04884,0.2198,ns
M5vsM6_raw_12m,equal_width,Relative Mortality,NEPmax,Low,70,-0.022,52.9,0.1671,0.3766,ns
M5vsM6_raw_12m,equal_width,Relative Mortality,WUE,Low,70,-0.03158,54.3,0.09999,0.2812,ns
M5vsM6_raw_12m,equal_width,Relative Mortality,uWUE,Low,70,-0.01452,61.4,0.08008,0.2574,ns
M5vsM6_raw_12m,equal_width,Relative Disturbance,ETmax,Mid,39,-0.00068,56.4,0.1493,0.3731,ns
M5vsM6_raw_12m,equal_width,Relative Disturbance,GPPsat,Mid,39,-0.07969,66.7,0.02578,0.2105,ns
M5vsM6_raw_12m,equal_width,Relative Disturbance,NEPmax,Mid,39,-0.00446,51.3,0.1164,0.3081,ns
M5vsM6_raw_12m,equal_width,Relative Disturbance,WUE,Mid,39,0.009,43.6,0.7327,0.9377,ns
M5vsM6_raw_12m,equal_width,Relative Disturbance,uWUE,Mid,39,0.01537,43.6,0.8122,0.9377,ns
M5vsM6_raw_12m,equal_width,Relative Disturbance,ETmax,High,10,0.00255,40,0.7622,0.9377,ns
M5vsM6_raw_12m,equal_width,Relative Disturbance,GPPsat,High,10,0.6739,20,0.9875,0.9875,ns
M5vsM6_raw_12m,equal_width,Relative Disturbance,NEPmax,High,10,0.25888,20,0.9584,0.9875,ns
M5vsM6_raw_12m,equal_width,Relative Disturbance,WUE,High,10,-0.04623,80,0.02639,0.2105,ns
M5vsM6_raw_12m,equal_width,Relative Disturbance,uWUE,High,10,-0.04792,70,0.04157,0.2105,ns
M5vsM6_raw_12m,equal_width,Relative Disturbance,ETmax,Low,63,-7e-05,52.4,0.3269,0.5658,ns
M5vsM6_raw_12m,equal_width,Relative Disturbance,GPPsat,Low,63,-0.06433,55.6,0.05807,0.2376,ns
M5vsM6_raw_12m,equal_width,Relative Disturbance,NEPmax,Low,63,-0.03741,52.4,0.2008,0.3766,ns
M5vsM6_raw_12m,equal_width,Relative Disturbance,WUE,Low,63,-0.02952,54,0.086,0.258,ns
M5vsM6_raw_12m,equal_width,Relative Disturbance,uWUE,Low,63,-0.01639,60.3,0.06915,0.2449,ns
M5vsM6_raw_12m,natural_breaks,Absolute Mortality,ETmax,High,29,0.00036,48.3,0.3728,0.5412,ns
M5vsM6_raw_12m,natural_breaks,Absolute Mortality,GPPsat,High,29,0.08069,44.8,0.9376,0.9376,ns
M5vsM6_raw_12m,natural_breaks,Absolute Mortality,NEPmax,High,29,0.1295,41.4,0.8696,0.8893,ns
M5vsM6_raw_12m,natural_breaks,Absolute Mortality,WUE,High,29,0.00037,48.3,0.2653,0.5191,ns
M5vsM6_raw_12m,natural_breaks,Absolute Mortality,uWUE,High,29,-0.0158,58.6,0.1351,0.3799,ns
M5vsM6_raw_12m,natural_breaks,Absolute Mortality,ETmax,Mid,46,0.00016,45.7,0.726,0.8598,ns
M5vsM6_raw_12m,natural_breaks,Absolute Mortality,GPPsat,Mid,46,-0.08638,58.7,0.07936,0.3011,ns
M5vsM6_raw_12m,natural_breaks,Absolute Mortality,NEPmax,Mid,46,-0.02588,50,0.1627,0.4308,ns
M5vsM6_raw_12m,natural_breaks,Absolute Mortality,WUE,Mid,46,-0.01124,52.2,0.2422,0.519,ns
M5vsM6_raw_12m,natural_breaks,Absolute Mortality,uWUE,Mid,46,-0.00312,52.2,0.2776,0.5205,ns
M5vsM6_raw_12m,natural_breaks,Absolute Mortality,ETmax,Low,37,-0.00119,64.9,0.08727,0.3021,ns
M5vsM6_raw_12m,natural_breaks,Absolute Mortality,GPPsat,Low,37,-0.21385,62.2,0.01549,0.3011,ns
M5vsM6_raw_12m,natural_breaks,Absolute Mortality,NEPmax,Low,37,-0.03741,54.1,0.0803,0.3011,ns
M5vsM6_raw_12m,natural_breaks,Absolute Mortality,WUE,Low,37,-0.02592,56.8,0.2583,0.5191,ns
M5vsM6_raw_12m,natural_breaks,Absolute Mortality,uWUE,Low,37,-0.00593,56.8,0.4282,0.5667,ns
M5vsM6_raw_12m,natural_breaks,Relative Mortality,ETmax,Mid,45,0.00016,46.7,0.3889,0.5469,ns
M5vsM6_raw_12m,natural_breaks,Relative Mortality,GPPsat,Mid,45,-0.02965,57.8,0.06961,0.3011,ns
M5vsM6_raw_12m,natural_breaks,Relative Mortality,NEPmax,Mid,45,-0.08355,57.8,0.07426,0.3011,ns
M5vsM6_raw_12m,natural_breaks,Relative Mortality,WUE,Mid,45,-0.00145,51.1,0.1343,0.3799,ns
M5vsM6_raw_12m,natural_breaks,Relative Mortality,uWUE,Mid,45,-0.00163,51.1,0.4239,0.5667,ns
M5vsM6_raw_12m,natural_breaks,Relative Mortality,ETmax,High,26,-8e-04,57.7,0.1939,0.4593,ns
M5vsM6_raw_12m,natural_breaks,Relative Mortality,GPPsat,High,26,0.13514,50,0.8197,0.8783,ns
M5vsM6_raw_12m,natural_breaks,Relative Mortality,NEPmax,High,26,0.11954,30.8,0.8569,0.8893,ns
M5vsM6_raw_12m,natural_breaks,Relative Mortality,WUE,High,26,-0.01434,57.7,0.3147,0.5412,ns
M5vsM6_raw_12m,natural_breaks,Relative Mortality,uWUE,High,26,-0.02651,61.5,0.03985,0.3011,ns
M5vsM6_raw_12m,natural_breaks,Relative Mortality,ETmax,Low,41,-9e-05,56.1,0.4587,0.5898,ns
M5vsM6_raw_12m,natural_breaks,Relative Mortality,GPPsat,Low,41,-0.09307,58.5,0.05997,0.3011,ns
M5vsM6_raw_12m,natural_breaks,Relative Mortality,NEPmax,Low,41,-0.03741,51.2,0.3021,0.5412,ns
M5vsM6_raw_12m,natural_breaks,Relative Mortality,WUE,Low,41,-0.02952,51.2,0.3535,0.5412,ns
M5vsM6_raw_12m,natural_breaks,Relative Mortality,uWUE,Low,41,-0.01258,56.1,0.3632,0.5412,ns
M5vsM6_raw_12m,natural_breaks,Relative Disturbance,ETmax,Mid,49,-0.00073,59.2,0.05463,0.3011,ns
M5vsM6_raw_12m,natural_breaks,Relative Disturbance,GPPsat,Mid,49,-0.01986,59.2,0.05574,0.3011,ns
M5vsM6_raw_12m,natural_breaks,Relative Disturbance,NEPmax,Mid,49,-0.00659,55.1,0.06527,0.3011,ns
M5vsM6_raw_12m,natural_breaks,Relative Disturbance,WUE,Mid,49,-0.02592,55.1,0.06278,0.3011,ns
M5vsM6_raw_12m,natural_breaks,Relative Disturbance,uWUE,Mid,49,-0.00776,57.1,0.1827,0.4567,ns
M5vsM6_raw_12m,natural_breaks,Relative Disturbance,ETmax,High,24,0.00019,45.8,0.758,0.8747,ns
M5vsM6_raw_12m,natural_breaks,Relative Disturbance,GPPsat,High,24,0.03363,50,0.8159,0.8783,ns
M5vsM6_raw_12m,natural_breaks,Relative Disturbance,NEPmax,High,24,0.1088,33.3,0.784,0.8783,ns
M5vsM6_raw_12m,natural_breaks,Relative Disturbance,WUE,High,24,-0.01513,62.5,0.1295,0.3799,ns
M5vsM6_raw_12m,natural_breaks,Relative Disturbance,uWUE,High,24,0.00496,50,0.3289,0.5412,ns
M5vsM6_raw_12m,natural_breaks,Relative Disturbance,ETmax,Low,39,9e-05,48.7,0.6699,0.8147,ns
M5vsM6_raw_12m,natural_breaks,Relative Disturbance,GPPsat,Low,39,-0.09307,56.4,0.0763,0.3011,ns
M5vsM6_raw_12m,natural_breaks,Relative Disturbance,NEPmax,Low,39,-0.03741,51.3,0.361,0.5412,ns
M5vsM6_raw_12m,natural_breaks,Relative Disturbance,WUE,Low,39,0.00841,43.6,0.6072,0.759,ns
M5vsM6_raw_12m,natural_breaks,Relative Disturbance,uWUE,Low,39,-0.01639,56.4,0.2071,0.4661,ns
M5vsM6_raw_24m,tertiles,Absolute Mortality,ETmax,High,37,0.00061,48.6,0.3586,0.5194,ns
M5vsM6_raw_24m,tertiles,Absolute Mortality,GPPsat,High,37,-0.01849,51.4,0.8947,0.9028,ns
M5vsM6_raw_24m,tertiles,Absolute Mortality,NEPmax,High,37,0.0703,40.5,0.9028,0.9028,ns
M5vsM6_raw_24m,tertiles,Absolute Mortality,WUE,High,37,-0.02488,59.5,0.05489,0.2399,ns
M5vsM6_raw_24m,tertiles,Absolute Mortality,uWUE,High,37,-0.02124,62.2,0.01229,0.1844,ns
M5vsM6_raw_24m,tertiles,Absolute Mortality,ETmax,Mid,37,0.0011,40.5,0.8329,0.8716,ns
M5vsM6_raw_24m,tertiles,Absolute Mortality,GPPsat,Mid,37,-0.15262,54.1,0.1489,0.342,ns
M5vsM6_raw_24m,tertiles,Absolute Mortality,NEPmax,Mid,37,-0.1137,64.9,0.03631,0.2399,ns
M5vsM6_raw_24m,tertiles,Absolute Mortality,WUE,Mid,37,0.00846,45.9,0.3364,0.5128,ns
M5vsM6_raw_24m,tertiles,Absolute Mortality,uWUE,Mid,37,-0.00938,56.8,0.1949,0.3655,ns
M5vsM6_raw_24m,tertiles,Absolute Mortality,ETmax,Low,38,-0.00023,50,0.155,0.342,ns
M5vsM6_raw_24m,tertiles,Absolute Mortality,GPPsat,Low,38,-0.1575,65.8,0.001779,0.08004,ns
M5vsM6_raw_24m,tertiles,Absolute Mortality,NEPmax,Low,38,0.0584,47.4,0.1729,0.342,ns
M5vsM6_raw_24m,tertiles,Absolute Mortality,WUE,Low,38,0.00071,50,0.5691,0.6921,ns
M5vsM6_raw_24m,tertiles,Absolute Mortality,uWUE,Low,38,-0.01081,60.5,0.2664,0.4612,ns
M5vsM6_raw_24m,tertiles,Relative Mortality,ETmax,High,37,0.00136,35.1,0.8133,0.8716,ns
M5vsM6_raw_24m,tertiles,Relative Mortality,GPPsat,High,37,-0.01849,54.1,0.6581,0.7793,ns
M5vsM6_raw_24m,tertiles,Relative Mortality,NEPmax,High,37,0.08926,45.9,0.8133,0.8716,ns
M5vsM6_raw_24m,tertiles,Relative Mortality,WUE,High,37,-0.02148,59.5,0.1227,0.3248,ns
M5vsM6_raw_24m,tertiles,Relative Mortality,uWUE,High,37,-0.02124,62.2,0.04138,0.2399,ns
M5vsM6_raw_24m,tertiles,Relative Mortality,ETmax,Mid,37,-0.00088,59.5,0.08969,0.2663,ns
M5vsM6_raw_24m,tertiles,Relative Mortality,GPPsat,Mid,37,-0.06355,59.5,0.09467,0.2663,ns
M5vsM6_raw_24m,tertiles,Relative Mortality,NEPmax,Mid,37,0.00857,48.6,0.2439,0.4389,ns
M5vsM6_raw_24m,tertiles,Relative Mortality,WUE,Mid,37,0.00844,45.9,0.1748,0.342,ns
M5vsM6_raw_24m,tertiles,Relative Mortality,uWUE,Mid,37,-0.01218,56.8,0.1525,0.342,ns
M5vsM6_raw_24m,tertiles,Relative Mortality,ETmax,Low,38,0.00034,44.7,0.3694,0.5194,ns
M5vsM6_raw_24m,tertiles,Relative Mortality,GPPsat,Low,38,-0.14586,57.9,0.0114,0.1844,ns
M5vsM6_raw_24m,tertiles,Relative Mortality,NEPmax,Low,38,-0.05717,57.9,0.05865,0.2399,ns
M5vsM6_raw_24m,tertiles,Relative Mortality,WUE,Low,38,0.00071,50,0.5058,0.6322,ns
M5vsM6_raw_24m,tertiles,Relative Mortality,uWUE,Low,38,-0.00919,60.5,0.1729,0.342,ns
M5vsM6_raw_24m,tertiles,Relative Disturbance,ETmax,High,37,0.00196,35.1,0.8173,0.8716,ns
M5vsM6_raw_24m,tertiles,Relative Disturbance,GPPsat,High,37,-0.04894,54.1,0.488,0.6322,ns
M5vsM6_raw_24m,tertiles,Relative Disturbance,NEPmax,High,37,0.0703,48.6,0.7319,0.8445,ns
M5vsM6_raw_24m,tertiles,Relative Disturbance,WUE,High,37,-0.02269,62.2,0.04138,0.2399,ns
M5vsM6_raw_24m,tertiles,Relative Disturbance,uWUE,High,37,-0.01877,56.8,0.09467,0.2663,ns
M5vsM6_raw_24m,tertiles,Relative Disturbance,ETmax,Mid,37,-0.00063,56.8,0.08727,0.2663,ns
M5vsM6_raw_24m,tertiles,Relative Disturbance,GPPsat,Mid,37,-0.09045,64.9,0.06964,0.2612,ns
M5vsM6_raw_24m,tertiles,Relative Disturbance,NEPmax,Mid,37,0.00857,48.6,0.3419,0.5128,ns
M5vsM6_raw_24m,tertiles,Relative Disturbance,WUE,Mid,37,0.01206,45.9,0.494,0.6322,ns
M5vsM6_raw_24m,tertiles,Relative Disturbance,uWUE,Mid,37,-0.02006,67.6,0.02582,0.2399,ns
M5vsM6_raw_24m,tertiles,Relative Disturbance,ETmax,Low,38,0.00015,47.4,0.3161,0.5081,ns
M5vsM6_raw_24m,tertiles,Relative Disturbance,GPPsat,Low,38,-0.03373,52.6,0.04914,0.2399,ns
M5vsM6_raw_24m,tertiles,Relative Disturbance,NEPmax,Low,38,-0.03752,55.3,0.05865,0.2399,ns
M5vsM6_raw_24m,tertiles,Relative Disturbance,WUE,Low,38,0.0026,47.4,0.4196,0.5721,ns
M5vsM6_raw_24m,tertiles,Relative Disturbance,uWUE,Low,38,-0.00693,55.3,0.3059,0.5081,ns
M5vsM6_raw_24m,equal_width,Absolute Mortality,ETmax,Mid,52,0.00073,44.2,0.7792,0.9477,ns
M5vsM6_raw_24m,equal_width,Absolute Mortality,GPPsat,Mid,52,0.09955,46.2,0.9162,0.9485,ns
M5vsM6_raw_24m,equal_width,Absolute Mortality,NEPmax,Mid,52,0.05698,44.2,0.8151,0.9485,ns
M5vsM6_raw_24m,equal_width,Absolute Mortality,WUE,Mid,52,-0.01839,55.8,0.05399,0.2909,ns
M5vsM6_raw_24m,equal_width,Absolute Mortality,uWUE,Mid,52,-0.01667,57.7,0.05106,0.2909,ns
M5vsM6_raw_24m,equal_width,Absolute Mortality,ETmax,Low,54,-0.00028,50,0.1191,0.2977,ns
M5vsM6_raw_24m,equal_width,Absolute Mortality,GPPsat,Low,54,-0.17354,64.8,0.0003252,0.01464,*
M5vsM6_raw_24m,equal_width,Absolute Mortality,NEPmax,Low,54,-0.024,53.7,0.06375,0.2909,ns
M5vsM6_raw_24m,equal_width,Absolute Mortality,WUE,Low,54,0.00845,46.3,0.6412,0.8486,ns
M5vsM6_raw_24m,equal_width,Absolute Mortality,uWUE,Low,54,-0.00918,59.3,0.161,0.3151,ns
M5vsM6_raw_24m,equal_width,Absolute Mortality,ETmax,High,6,0.0011,33.3,0.6625,0.8518,ns
M5vsM6_raw_24m,equal_width,Absolute Mortality,GPPsat,High,6,-0.07477,83.3,0.1042,0.2977,ns
M5vsM6_raw_24m,equal_width,Absolute Mortality,NEPmax,High,6,-0.18768,83.3,0.07111,0.2909,ns
M5vsM6_raw_24m,equal_width,Absolute Mortality,WUE,High,6,-0.03972,66.7,0.2647,0.4532,ns
M5vsM6_raw_24m,equal_width,Absolute Mortality,uWUE,High,6,-0.03804,83.3,0.07111,0.2909,ns
M5vsM6_raw_24m,equal_width,Relative Mortality,ETmax,Mid,34,0.00114,38.2,0.696,0.87,ns
M5vsM6_raw_24m,equal_width,Relative Mortality,GPPsat,Mid,34,-0.06611,58.8,0.31,0.4898,ns
M5vsM6_raw_24m,equal_width,Relative Mortality,NEPmax,Mid,34,-0.02462,55.9,0.3345,0.5018,ns
M5vsM6_raw_24m,equal_width,Relative Mortality,WUE,Mid,34,-0.02208,58.8,0.126,0.2984,ns
M5vsM6_raw_24m,equal_width,Relative Mortality,uWUE,Mid,34,-0.02103,67.6,0.03632,0.2909,ns
M5vsM6_raw_24m,equal_width,Relative Mortality,ETmax,High,8,0.00216,25,0.883,0.9485,ns
M5vsM6_raw_24m,equal_width,Relative Mortality,GPPsat,High,8,0.33026,37.5,0.9293,0.9485,ns
M5vsM6_raw_24m,equal_width,Relative Mortality,NEPmax,High,8,0.45882,25,0.883,0.9485,ns
M5vsM6_raw_24m,equal_width,Relative Mortality,WUE,High,8,-0.00012,50,0.4168,0.5684,ns
M5vsM6_raw_24m,equal_width,Relative Mortality,uWUE,High,8,-0.02146,62.5,0.117,0.2977,ns
M5vsM6_raw_24m,equal_width,Relative Mortality,ETmax,Low,70,-0.00059,52.9,0.1106,0.2977,ns
M5vsM6_raw_24m,equal_width,Relative Mortality,GPPsat,Low,70,-0.11477,58.6,0.006027,0.1356,ns
M5vsM6_raw_24m,equal_width,Relative Mortality,NEPmax,Low,70,-0.024,51.4,0.0901,0.2977,ns
M5vsM6_raw_24m,equal_width,Relative Mortality,WUE,Low,70,0.0026,48.6,0.3157,0.4898,ns
M5vsM6_raw_24m,equal_width,Relative Mortality,uWUE,Low,70,-0.00886,55.7,0.1515,0.3151,ns
M5vsM6_raw_24m,equal_width,Relative Disturbance,ETmax,Mid,39,0.00085,46.2,0.4144,0.5684,ns
M5vsM6_raw_24m,equal_width,Relative Disturbance,GPPsat,Mid,39,-0.06355,59,0.1397,0.3144,ns
M5vsM6_raw_24m,equal_width,Relative Disturbance,NEPmax,Mid,39,-0.01958,53.8,0.2719,0.4532,ns
M5vsM6_raw_24m,equal_width,Relative Disturbance,WUE,Mid,39,-0.02148,59,0.1164,0.2977,ns
M5vsM6_raw_24m,equal_width,Relative Disturbance,uWUE,Mid,39,-0.01464,56.4,0.1696,0.3179,ns
M5vsM6_raw_24m,equal_width,Relative Disturbance,ETmax,High,10,0.00274,20,0.9485,0.9485,ns
M5vsM6_raw_24m,equal_width,Relative Disturbance,GPPsat,High,10,0.12229,50,0.846,0.9485,ns
M5vsM6_raw_24m,equal_width,Relative Disturbance,NEPmax,High,10,0.36074,30,0.9074,0.9485,ns
M5vsM6_raw_24m,equal_width,Relative Disturbance,WUE,High,10,-0.01267,60,0.2378,0.428,ns
M5vsM6_raw_24m,equal_width,Relative Disturbance,uWUE,High,10,-0.02757,70,0.05146,0.2909,ns
M5vsM6_raw_24m,equal_width,Relative Disturbance,ETmax,Low,63,-0.00051,50.8,0.1596,0.3151,ns
M5vsM6_raw_24m,equal_width,Relative Disturbance,GPPsat,Low,63,-0.09045,57.1,0.02118,0.2909,ns
M5vsM6_raw_24m,equal_width,Relative Disturbance,NEPmax,Low,63,-0.03481,52.4,0.1083,0.2977,ns
M5vsM6_raw_24m,equal_width,Relative Disturbance,WUE,Low,63,0.00844,46,0.4093,0.5684,ns
M5vsM6_raw_24m,equal_width,Relative Disturbance,uWUE,Low,63,-0.01066,60.3,0.0565,0.2909,ns
M5vsM6_raw_24m,natural_breaks,Absolute Mortality,ETmax,High,29,0.00092,41.4,0.5259,0.6573,ns
M5vsM6_raw_24m,natural_breaks,Absolute Mortality,GPPsat,High,29,-0.04878,58.6,0.7623,0.8575,ns
M5vsM6_raw_24m,natural_breaks,Absolute Mortality,NEPmax,High,29,0.0703,41.4,0.8553,0.884,ns
M5vsM6_raw_24m,natural_breaks,Absolute Mortality,WUE,High,29,-0.02148,58.6,0.1995,0.366,ns
M5vsM6_raw_24m,natural_breaks,Absolute Mortality,uWUE,High,29,-0.02083,62.1,0.05015,0.3155,ns
M5vsM6_raw_24m,natural_breaks,Absolute Mortality,ETmax,Mid,46,0.00015,47.8,0.653,0.7534,ns
M5vsM6_raw_24m,natural_breaks,Absolute Mortality,GPPsat,Mid,46,-0.01651,50,0.1971,0.366,ns
M5vsM6_raw_24m,natural_breaks,Absolute Mortality,NEPmax,Mid,46,-0.09551,58.7,0.1025,0.3549,ns
M5vsM6_raw_24m,natural_breaks,Absolute Mortality,WUE,Mid,46,0.00242,47.8,0.1497,0.366,ns
M5vsM6_raw_24m,natural_breaks,Absolute Mortality,uWUE,Mid,46,-0.00938,56.5,0.07012,0.3155,ns
M5vsM6_raw_24m,natural_breaks,Absolute Mortality,ETmax,Low,37,0.00017,48.6,0.2033,0.366,ns
M5vsM6_raw_24m,natural_breaks,Absolute Mortality,GPPsat,Low,37,-0.13909,64.9,0.002753,0.1239,ns
M5vsM6_raw_24m,natural_breaks,Absolute Mortality,NEPmax,Low,37,0.02753,48.6,0.1489,0.366,ns
M5vsM6_raw_24m,natural_breaks,Absolute Mortality,WUE,Low,37,-0.00136,51.4,0.512,0.6573,ns
M5vsM6_raw_24m,natural_breaks,Absolute Mortality,uWUE,Low,37,-0.01097,62.2,0.2681,0.4382,ns
M5vsM6_raw_24m,natural_breaks,Relative Mortality,ETmax,Mid,45,-0.00051,51.1,0.3422,0.4837,ns
M5vsM6_raw_24m,natural_breaks,Relative Mortality,GPPsat,Mid,45,-0.09045,62.2,0.1924,0.366,ns
M5vsM6_raw_24m,natural_breaks,Relative Mortality,NEPmax,Mid,45,-0.01958,51.1,0.2563,0.4382,ns
M5vsM6_raw_24m,natural_breaks,Relative Mortality,WUE,Mid,45,-0.02148,53.3,0.1548,0.366,ns
M5vsM6_raw_24m,natural_breaks,Relative Mortality,uWUE,Mid,45,-0.01238,55.6,0.1687,0.366,ns
M5vsM6_raw_24m,natural_breaks,Relative Mortality,ETmax,High,26,0.00119,38.5,0.6002,0.7108,ns
M5vsM6_raw_24m,natural_breaks,Relative Mortality,GPPsat,High,26,-0.00129,50,0.6002,0.7108,ns
M5vsM6_raw_24m,natural_breaks,Relative Mortality,NEPmax,High,26,0.13442,42.3,0.8569,0.884,ns
M5vsM6_raw_24m,natural_breaks,Relative Mortality,WUE,High,26,-0.00898,53.8,0.187,0.366,ns
M5vsM6_raw_24m,natural_breaks,Relative Mortality,uWUE,High,26,-0.0227,65.4,0.01983,0.2975,ns
M5vsM6_raw_24m,natural_breaks,Relative Mortality,ETmax,Low,41,3e-04,46.3,0.3439,0.4837,ns
M5vsM6_raw_24m,natural_breaks,Relative Mortality,GPPsat,Low,41,-0.13909,56.1,0.01249,0.281,ns
M5vsM6_raw_24m,natural_breaks,Relative Mortality,NEPmax,Low,41,-0.04022,56.1,0.0664,0.3155,ns
M5vsM6_raw_24m,natural_breaks,Relative Mortality,WUE,Low,41,0.00277,48.8,0.5052,0.6573,ns
M5vsM6_raw_24m,natural_breaks,Relative Mortality,uWUE,Low,41,-0.00939,61,0.1788,0.366,ns
M5vsM6_raw_24m,natural_breaks,Relative Disturbance,ETmax,Mid,49,-0.00088,57.1,0.0789,0.3228,ns
M5vsM6_raw_24m,natural_breaks,Relative Disturbance,GPPsat,Mid,49,-0.09862,65.3,0.03074,0.3155,ns
M5vsM6_raw_24m,natural_breaks,Relative Disturbance,NEPmax,Mid,49,0.00857,49,0.2922,0.4382,ns
M5vsM6_raw_24m,natural_breaks,Relative Disturbance,WUE,Mid,49,-0.01904,53.1,0.1775,0.366,ns
M5vsM6_raw_24m,natural_breaks,Relative Disturbance,uWUE,Mid,49,-0.02006,61.2,0.04174,0.3155,ns
M5vsM6_raw_24m,natural_breaks,Relative Disturbance,ETmax,High,24,0.00288,20.8,0.9713,0.9713,ns
M5vsM6_raw_24m,natural_breaks,Relative Disturbance,GPPsat,High,24,0.02168,45.8,0.8643,0.884,ns
M5vsM6_raw_24m,natural_breaks,Relative Disturbance,NEPmax,High,24,0.08338,45.8,0.8379,0.884,ns
M5vsM6_raw_24m,natural_breaks,Relative Disturbance,WUE,High,24,-0.00914,58.3,0.1692,0.366,ns
M5vsM6_raw_24m,natural_breaks,Relative Disturbance,uWUE,High,24,-0.0198,62.5,0.08737,0.3276,ns
M5vsM6_raw_24m,natural_breaks,Relative Disturbance,ETmax,Low,39,0,48.7,0.2812,0.4382,ns
M5vsM6_raw_24m,natural_breaks,Relative Disturbance,GPPsat,Low,39,-0.05901,53.8,0.04368,0.3155,ns
M5vsM6_raw_24m,natural_breaks,Relative Disturbance,NEPmax,Low,39,-0.04022,56.4,0.05661,0.3155,ns
M5vsM6_raw_24m,natural_breaks,Relative Disturbance,WUE,Low,39,0.00277,46.2,0.4805,0.6553,ns
M5vsM6_raw_24m,natural_breaks,Relative Disturbance,uWUE,Low,39,-0.00874,56.4,0.286,0.4382,ns
M5vsM6_anom_12m,tertiles,Absolute Mortality,ETmax,High,37,6e-04,45.9,0.44,0.483,ns
M5vsM6_anom_12m,tertiles,Absolute Mortality,GPPsat,High,37,-1.23658,73,0.004144,0.02785,*
M5vsM6_anom_12m,tertiles,Absolute Mortality,NEPmax,High,37,-0.28311,62.2,0.03069,0.08125,ns
M5vsM6_anom_12m,tertiles,Absolute Mortality,WUE,High,37,-0.03299,62.2,0.09724,0.1683,ns
M5vsM6_anom_12m,tertiles,Absolute Mortality,uWUE,High,37,-0.00269,51.4,0.2832,0.3749,ns
M5vsM6_anom_12m,tertiles,Absolute Mortality,ETmax,Mid,37,-0.00177,64.9,0.1197,0.1923,ns
M5vsM6_anom_12m,tertiles,Absolute Mortality,GPPsat,Mid,37,-0.65359,70.3,0.004332,0.02785,*
M5vsM6_anom_12m,tertiles,Absolute Mortality,NEPmax,Mid,37,-0.38047,67.6,0.03069,0.08125,ns
M5vsM6_anom_12m,tertiles,Absolute Mortality,WUE,Mid,37,-0.0256,59.5,0.1525,0.2366,ns
M5vsM6_anom_12m,tertiles,Absolute Mortality,uWUE,Mid,37,0.02256,48.6,0.2987,0.376,ns
M5vsM6_anom_12m,tertiles,Absolute Mortality,ETmax,Low,38,-0.00328,63.2,0.06036,0.1327,ns
M5vsM6_anom_12m,tertiles,Absolute Mortality,GPPsat,Low,38,-0.91193,63.2,0.008034,0.03615,*
M5vsM6_anom_12m,tertiles,Absolute Mortality,NEPmax,Low,38,-0.68771,60.5,0.02873,0.08125,ns
M5vsM6_anom_12m,tertiles,Absolute Mortality,WUE,Low,38,-0.06338,60.5,0.1805,0.2707,ns
M5vsM6_anom_12m,tertiles,Absolute Mortality,uWUE,Low,38,-0.02749,57.9,0.3804,0.4504,ns
M5vsM6_anom_12m,tertiles,Relative Mortality,ETmax,High,37,-0.00085,59.5,0.2299,0.3233,ns
M5vsM6_anom_12m,tertiles,Relative Mortality,GPPsat,High,37,-0.77487,75.7,0.0009918,0.02231,*
M5vsM6_anom_12m,tertiles,Relative Mortality,NEPmax,High,37,-0.59726,67.6,0.01229,0.04255,*
M5vsM6_anom_12m,tertiles,Relative Mortality,WUE,High,37,-0.03806,62.2,0.06193,0.1327,ns
M5vsM6_anom_12m,tertiles,Relative Mortality,uWUE,High,37,-0.01561,54.1,0.1167,0.1923,ns
M5vsM6_anom_12m,tertiles,Relative Mortality,ETmax,Mid,37,-0.00206,56.8,0.06765,0.1384,ns
M5vsM6_anom_12m,tertiles,Relative Mortality,GPPsat,Mid,37,-1.27965,70.3,0.003161,0.02785,*
M5vsM6_anom_12m,tertiles,Relative Mortality,NEPmax,Mid,37,-0.38086,62.2,0.02406,0.07734,ns
M5vsM6_anom_12m,tertiles,Relative Mortality,WUE,Mid,37,-0.07205,73,0.005164,0.02905,*
M5vsM6_anom_12m,tertiles,Relative Mortality,uWUE,Mid,37,-0.01735,56.8,0.2253,0.3233,ns
M5vsM6_anom_12m,tertiles,Relative Mortality,ETmax,Low,38,-0.00155,57.9,0.2387,0.3254,ns
M5vsM6_anom_12m,tertiles,Relative Mortality,GPPsat,Low,38,-0.52373,60.5,0.03723,0.09307,ns
M5vsM6_anom_12m,tertiles,Relative Mortality,NEPmax,Low,38,-0.68771,60.5,0.09107,0.1659,ns
M5vsM6_anom_12m,tertiles,Relative Mortality,WUE,Low,38,0.03329,47.4,0.7958,0.7958,ns
M5vsM6_anom_12m,tertiles,Relative Mortality,uWUE,Low,38,0.02931,47.4,0.6839,0.6994,ns
M5vsM6_anom_12m,tertiles,Relative Disturbance,ETmax,High,37,-0.00085,56.8,0.3254,0.3958,ns
M5vsM6_anom_12m,tertiles,Relative Disturbance,GPPsat,High,37,-0.77778,73,0.002393,0.02785,*
M5vsM6_anom_12m,tertiles,Relative Disturbance,NEPmax,High,37,-0.66981,70.3,0.006678,0.03339,*
M5vsM6_anom_12m,tertiles,Relative Disturbance,WUE,High,37,-0.03806,59.5,0.08727,0.1659,ns
M5vsM6_anom_12m,tertiles,Relative Disturbance,uWUE,High,37,-0.01561,54.1,0.09216,0.1659,ns
M5vsM6_anom_12m,tertiles,Relative Disturbance,ETmax,Mid,37,-0.00274,67.6,0.009684,0.03631,*
M5vsM6_anom_12m,tertiles,Relative Disturbance,GPPsat,Mid,37,-1.23658,73,0.0009918,0.02231,*
M5vsM6_anom_12m,tertiles,Relative Disturbance,NEPmax,Mid,37,-0.55942,70.3,0.004332,0.02785,*
M5vsM6_anom_12m,tertiles,Relative Disturbance,WUE,Mid,37,-0.0547,73,0.008929,0.03631,*
M5vsM6_anom_12m,tertiles,Relative Disturbance,uWUE,Mid,37,-0.00841,54.1,0.506,0.5422,ns
M5vsM6_anom_12m,tertiles,Relative Disturbance,ETmax,Low,38,-0.00058,50,0.4139,0.4776,ns
M5vsM6_anom_12m,tertiles,Relative Disturbance,GPPsat,Low,38,-0.57313,60.5,0.03965,0.09391,ns
M5vsM6_anom_12m,tertiles,Relative Disturbance,NEPmax,Low,38,-0.11198,50,0.3008,0.376,ns
M5vsM6_anom_12m,tertiles,Relative Disturbance,WUE,Low,38,0.00047,50,0.5974,0.6252,ns
M5vsM6_anom_12m,tertiles,Relative Disturbance,uWUE,Low,38,0.00164,50,0.4252,0.4784,ns
M5vsM6_anom_12m,equal_width,Absolute Mortality,ETmax,Mid,52,-0.00099,51.9,0.2516,0.3653,ns
M5vsM6_anom_12m,equal_width,Absolute Mortality,GPPsat,Mid,52,-0.8784,67.3,0.007805,0.03903,*
M5vsM6_anom_12m,equal_width,Absolute Mortality,NEPmax,Mid,52,-0.26371,57.7,0.06706,0.1372,ns
M5vsM6_anom_12m,equal_width,Absolute Mortality,WUE,Mid,52,-0.03907,65.4,0.0179,0.07324,ns
M5vsM6_anom_12m,equal_width,Absolute Mortality,uWUE,Mid,52,-0.02368,53.8,0.09876,0.1709,ns
M5vsM6_anom_12m,equal_width,Absolute Mortality,ETmax,Low,54,-0.00357,66.7,0.02432,0.08418,ns
M5vsM6_anom_12m,equal_width,Absolute Mortality,GPPsat,Low,54,-0.9623,68.5,0.0002289,0.0103,*
M5vsM6_anom_12m,equal_width,Absolute Mortality,NEPmax,Low,54,-1.07549,68.5,0.0009972,0.0151,*
M5vsM6_anom_12m,equal_width,Absolute Mortality,WUE,Low,54,-0.03901,57.4,0.2967,0.4046,ns
M5vsM6_anom_12m,equal_width,Absolute Mortality,uWUE,Low,54,-0.00044,50,0.6282,0.6575,ns
M5vsM6_anom_12m,equal_width,Absolute Mortality,ETmax,High,6,0.00337,33.3,0.8527,0.8527,ns
M5vsM6_anom_12m,equal_width,Absolute Mortality,GPPsat,High,6,-0.65084,83.3,0.02959,0.0951,ns
M5vsM6_anom_12m,equal_width,Absolute Mortality,NEPmax,High,6,-0.24982,66.7,0.417,0.4938,ns
M5vsM6_anom_12m,equal_width,Absolute Mortality,WUE,High,6,6e-05,50,0.5,0.5702,ns
M5vsM6_anom_12m,equal_width,Absolute Mortality,uWUE,High,6,-0.06322,66.7,0.2647,0.3722,ns
M5vsM6_anom_12m,equal_width,Relative Mortality,ETmax,Mid,34,-0.0014,61.8,0.08305,0.1568,ns
M5vsM6_anom_12m,equal_width,Relative Mortality,GPPsat,Mid,34,-0.77633,73.5,0.001638,0.0151,*
M5vsM6_anom_12m,equal_width,Relative Mortality,NEPmax,Mid,34,-0.88275,73.5,0.002394,0.0151,*
M5vsM6_anom_12m,equal_width,Relative Mortality,WUE,Mid,34,-0.0284,55.9,0.31,0.4103,ns
M5vsM6_anom_12m,equal_width,Relative Mortality,uWUE,Mid,34,0.01505,47.1,0.5068,0.5702,ns
M5vsM6_anom_12m,equal_width,Relative Mortality,ETmax,High,8,0.00113,50,0.688,0.7036,ns
M5vsM6_anom_12m,equal_width,Relative Mortality,GPPsat,High,8,-1.32614,87.5,0.04003,0.11,ns
M5vsM6_anom_12m,equal_width,Relative Mortality,NEPmax,High,8,-0.56569,62.5,0.2206,0.3309,ns
M5vsM6_anom_12m,equal_width,Relative Mortality,WUE,High,8,-0.24676,87.5,0.05366,0.1342,ns
M5vsM6_anom_12m,equal_width,Relative Mortality,uWUE,High,8,-0.2987,75,0.09172,0.1651,ns
M5vsM6_anom_12m,equal_width,Relative Mortality,ETmax,Low,70,-0.00174,57.1,0.08362,0.1568,ns
M5vsM6_anom_12m,equal_width,Relative Mortality,GPPsat,Low,70,-0.91193,64.3,0.001475,0.0151,*
M5vsM6_anom_12m,equal_width,Relative Mortality,NEPmax,Low,70,-0.38067,58.6,0.03179,0.09536,ns
M5vsM6_anom_12m,equal_width,Relative Mortality,WUE,Low,70,-0.03964,60,0.1395,0.2242,ns
M5vsM6_anom_12m,equal_width,Relative Mortality,uWUE,Low,70,-0.01658,52.9,0.3432,0.429,ns
M5vsM6_anom_12m,equal_width,Relative Disturbance,ETmax,Mid,39,-0.00147,61.5,0.065,0.1372,ns
M5vsM6_anom_12m,equal_width,Relative Disturbance,GPPsat,Mid,39,-0.77487,71.8,0.001978,0.0151,*
M5vsM6_anom_12m,equal_width,Relative Disturbance,NEPmax,Mid,39,-0.66981,71.8,0.002684,0.0151,*
M5vsM6_anom_12m,equal_width,Relative Disturbance,WUE,Mid,39,-0.01309,51.3,0.3251,0.418,ns
M5vsM6_anom_12m,equal_width,Relative Disturbance,uWUE,Mid,39,0.02256,46.2,0.5911,0.6333,ns
M5vsM6_anom_12m,equal_width,Relative Disturbance,ETmax,High,10,-0.00118,60,0.5406,0.5933,ns
M5vsM6_anom_12m,equal_width,Relative Disturbance,GPPsat,High,10,-1.32614,90,0.01616,0.0727,ns
M5vsM6_anom_12m,equal_width,Relative Disturbance,NEPmax,High,10,-1.01067,70,0.06314,0.1372,ns
M5vsM6_anom_12m,equal_width,Relative Disturbance,WUE,High,10,-0.24676,90,0.02075,0.0778,ns
M5vsM6_anom_12m,equal_width,Relative Disturbance,uWUE,High,10,-0.2987,80,0.04157,0.11,ns
M5vsM6_anom_12m,equal_width,Relative Disturbance,ETmax,Low,63,-0.00133,55.6,0.1359,0.2242,ns
M5vsM6_anom_12m,equal_width,Relative Disturbance,GPPsat,Low,63,-0.90166,63.5,0.002582,0.0151,*
M5vsM6_anom_12m,equal_width,Relative Disturbance,NEPmax,Low,63,-0.38047,57.1,0.06646,0.1372,ns
M5vsM6_anom_12m,equal_width,Relative Disturbance,WUE,Low,63,-0.03996,61.9,0.1715,0.2661,ns
M5vsM6_anom_12m,equal_width,Relative Disturbance,uWUE,Low,63,-0.02476,52.4,0.412,0.4938,ns
M5vsM6_anom_12m,natural_breaks,Absolute Mortality,ETmax,High,29,6e-04,44.8,0.5516,0.6128,ns
M5vsM6_anom_12m,natural_breaks,Absolute Mortality,GPPsat,High,29,-1.23658,72.4,0.01095,0.0448,*
M5vsM6_anom_12m,natural_breaks,Absolute Mortality,NEPmax,High,29,-0.45232,69,0.02997,0.07049,ns
M5vsM6_anom_12m,natural_breaks,Absolute Mortality,WUE,High,29,-0.03881,58.6,0.1351,0.2096,ns
M5vsM6_anom_12m,natural_breaks,Absolute Mortality,uWUE,High,29,-0.00269,51.7,0.2583,0.3632,ns
M5vsM6_anom_12m,natural_breaks,Absolute Mortality,ETmax,Mid,46,-0.00192,63,0.07012,0.1288,ns
M5vsM6_anom_12m,natural_breaks,Absolute Mortality,GPPsat,Mid,46,-0.81206,71.7,0.001194,0.01333,*
M5vsM6_anom_12m,natural_breaks,Absolute Mortality,NEPmax,Mid,46,-0.36889,63,0.01896,0.05687,ns
M5vsM6_anom_12m,natural_breaks,Absolute Mortality,WUE,Mid,46,-0.02745,60.9,0.1497,0.2245,ns
M5vsM6_anom_12m,natural_breaks,Absolute Mortality,uWUE,Mid,46,0.0026,50,0.2924,0.3988,ns
M5vsM6_anom_12m,natural_breaks,Absolute Mortality,ETmax,Low,37,-0.00274,62.2,0.08258,0.1429,ns
M5vsM6_anom_12m,natural_breaks,Absolute Mortality,GPPsat,Low,37,-0.90166,62.2,0.01092,0.0448,*
M5vsM6_anom_12m,natural_breaks,Absolute Mortality,NEPmax,Low,37,-0.66981,59.5,0.03512,0.07184,ns
M5vsM6_anom_12m,natural_breaks,Absolute Mortality,WUE,Low,37,-0.07205,62.2,0.1289,0.2096,ns
M5vsM6_anom_12m,natural_breaks,Absolute Mortality,uWUE,Low,37,-0.02476,56.8,0.3988,0.5044,ns
M5vsM6_anom_12m,natural_breaks,Relative Mortality,ETmax,Mid,45,-0.00274,60,0.02167,0.06094,ns
M5vsM6_anom_12m,natural_breaks,Relative Mortality,GPPsat,Mid,45,-1.2375,71.1,0.0002334,0.00982,**
M5vsM6_anom_12m,natural_breaks,Relative Mortality,NEPmax,Mid,45,-0.38086,62.2,0.01003,0.0448,*
M5vsM6_anom_12m,natural_breaks,Relative Mortality,WUE,Mid,45,-0.03996,64.4,0.03289,0.07049,ns
M5vsM6_anom_12m,natural_breaks,Relative Mortality,uWUE,Mid,45,-0.00269,51.1,0.5628,0.6128,ns
M5vsM6_anom_12m,natural_breaks,Relative Mortality,ETmax,High,26,-0.00062,53.8,0.5904,0.6179,ns
M5vsM6_anom_12m,natural_breaks,Relative Mortality,GPPsat,High,26,-0.77633,80.8,0.001481,0.01333,*
M5vsM6_anom_12m,natural_breaks,Relative Mortality,NEPmax,High,26,-0.66572,73.1,0.01751,0.0563,ns
M5vsM6_anom_12m,natural_breaks,Relative Mortality,WUE,High,26,-0.13312,73.1,0.01041,0.0448,*
M5vsM6_anom_12m,natural_breaks,Relative Mortality,uWUE,High,26,-0.13823,61.5,0.01751,0.0563,ns
M5vsM6_anom_12m,natural_breaks,Relative Mortality,ETmax,Low,41,-0.00176,58.5,0.2301,0.334,ns
M5vsM6_anom_12m,natural_breaks,Relative Mortality,GPPsat,Low,41,-0.51379,58.5,0.07156,0.1288,ns
M5vsM6_anom_12m,natural_breaks,Relative Mortality,NEPmax,Low,41,-0.66981,58.5,0.1325,0.2096,ns
M5vsM6_anom_12m,natural_breaks,Relative Mortality,WUE,Low,41,0.02375,48.8,0.7415,0.7415,ns
M5vsM6_anom_12m,natural_breaks,Relative Mortality,uWUE,Low,41,0.02803,48.8,0.572,0.6128,ns
M5vsM6_anom_12m,natural_breaks,Relative Disturbance,ETmax,Mid,49,-0.00253,63.3,0.01327,0.04976,*
M5vsM6_anom_12m,natural_breaks,Relative Disturbance,GPPsat,Mid,49,-1.00239,69.4,0.001422,0.01333,*
M5vsM6_anom_12m,natural_breaks,Relative Disturbance,NEPmax,Mid,49,-0.55942,69.4,0.003408,0.02556,*
M5vsM6_anom_12m,natural_breaks,Relative Disturbance,WUE,Mid,49,-0.04872,65.3,0.03143,0.07049,ns
M5vsM6_anom_12m,natural_breaks,Relative Disturbance,uWUE,Mid,49,-0.00841,53.1,0.5357,0.6128,ns
M5vsM6_anom_12m,natural_breaks,Relative Disturbance,ETmax,High,24,-0.00076,58.3,0.4376,0.5322,ns
M5vsM6_anom_12m,natural_breaks,Relative Disturbance,GPPsat,High,24,-0.88695,83.3,0.0004365,0.00982,**
M5vsM6_anom_12m,natural_breaks,Relative Disturbance,NEPmax,High,24,-0.9952,75,0.005726,0.03681,*
M5vsM6_anom_12m,natural_breaks,Relative Disturbance,WUE,High,24,-0.11289,70.8,0.02353,0.06229,ns
M5vsM6_anom_12m,natural_breaks,Relative Disturbance,uWUE,High,24,-0.13651,58.3,0.03064,0.07049,ns
M5vsM6_anom_12m,natural_breaks,Relative Disturbance,ETmax,Low,39,-0.00123,51.3,0.4035,0.5044,ns
M5vsM6_anom_12m,natural_breaks,Relative Disturbance,GPPsat,Low,39,-0.51379,59,0.05053,0.09887,ns
M5vsM6_anom_12m,natural_breaks,Relative Disturbance,NEPmax,Low,39,0.04501,48.7,0.3352,0.4436,ns
M5vsM6_anom_12m,natural_breaks,Relative Disturbance,WUE,Low,39,0.00201,48.7,0.6597,0.6747,ns
M5vsM6_anom_12m,natural_breaks,Relative Disturbance,uWUE,Low,39,0.02803,48.7,0.5361,0.6128,ns
M5vsM6_anom_24m,tertiles,Absolute Mortality,ETmax,High,37,-0.00082,56.8,0.1489,0.2234,ns
M5vsM6_anom_24m,tertiles,Absolute Mortality,GPPsat,High,37,-0.60322,64.9,0.006401,0.03214,*
M5vsM6_anom_24m,tertiles,Absolute Mortality,NEPmax,High,37,-0.58235,59.5,0.06765,0.1218,ns
M5vsM6_anom_24m,tertiles,Absolute Mortality,WUE,High,37,-0.04275,56.8,0.05005,0.09792,ns
M5vsM6_anom_24m,tertiles,Absolute Mortality,uWUE,High,37,-0.02324,62.2,0.05659,0.1061,ns
M5vsM6_anom_24m,tertiles,Absolute Mortality,ETmax,Mid,37,7e-05,48.6,0.3988,0.5278,ns
M5vsM6_anom_24m,tertiles,Absolute Mortality,GPPsat,Mid,37,-1.22086,73,0.006965,0.03214,*
M5vsM6_anom_24m,tertiles,Absolute Mortality,NEPmax,Mid,37,-1.36943,64.9,0.007893,0.03214,*
M5vsM6_anom_24m,tertiles,Absolute Mortality,WUE,Mid,37,-0.03013,54.1,0.4223,0.5315,ns
M5vsM6_anom_24m,tertiles,Absolute Mortality,uWUE,Mid,37,-0.00884,51.4,0.2987,0.4074,ns
M5vsM6_anom_24m,tertiles,Absolute Mortality,ETmax,Low,38,-0.00096,52.6,0.2664,0.3747,ns
M5vsM6_anom_24m,tertiles,Absolute Mortality,GPPsat,Low,38,-0.6517,63.2,0.005811,0.03214,*
M5vsM6_anom_24m,tertiles,Absolute Mortality,NEPmax,Low,38,-1.17668,68.4,0.008358,0.03214,*
M5vsM6_anom_24m,tertiles,Absolute Mortality,WUE,Low,38,-0.07913,63.2,0.1035,0.1664,ns
M5vsM6_anom_24m,tertiles,Absolute Mortality,uWUE,Low,38,0.0019,47.4,0.5058,0.5678,ns
M5vsM6_anom_24m,tertiles,Relative Mortality,ETmax,High,37,8e-05,48.6,0.4699,0.5678,ns
M5vsM6_anom_24m,tertiles,Relative Mortality,GPPsat,High,37,-0.93675,70.3,0.002628,0.03214,*
M5vsM6_anom_24m,tertiles,Relative Mortality,NEPmax,High,37,-0.58235,62.2,0.01278,0.04109,*
M5vsM6_anom_24m,tertiles,Relative Mortality,WUE,High,37,-0.05276,59.5,0.02493,0.06232,ns
M5vsM6_anom_24m,tertiles,Relative Mortality,uWUE,High,37,-0.09057,62.2,0.0167,0.04696,*
M5vsM6_anom_24m,tertiles,Relative Mortality,ETmax,Mid,37,-0.00185,54.1,0.09467,0.1578,ns
M5vsM6_anom_24m,tertiles,Relative Mortality,GPPsat,Mid,37,-0.7409,67.6,0.006401,0.03214,*
M5vsM6_anom_24m,tertiles,Relative Mortality,NEPmax,Mid,37,-1.35353,70.3,0.008571,0.03214,*
M5vsM6_anom_24m,tertiles,Relative Mortality,WUE,Mid,37,-0.08593,67.6,0.03752,0.08041,ns
M5vsM6_anom_24m,tertiles,Relative Mortality,uWUE,Mid,37,-0.0127,59.5,0.1827,0.2652,ns
M5vsM6_anom_24m,tertiles,Relative Mortality,ETmax,Low,38,-0.00161,55.3,0.4252,0.5315,ns
M5vsM6_anom_24m,tertiles,Relative Mortality,GPPsat,Low,38,-0.54726,63.2,0.0148,0.04441,*
M5vsM6_anom_24m,tertiles,Relative Mortality,NEPmax,Low,38,-1.17668,60.5,0.03275,0.07757,ns
M5vsM6_anom_24m,tertiles,Relative Mortality,WUE,Low,38,0.02402,47.4,0.7568,0.774,ns
M5vsM6_anom_24m,tertiles,Relative Mortality,uWUE,Low,38,0.02024,39.5,0.8344,0.8344,ns
M5vsM6_anom_24m,tertiles,Relative Disturbance,ETmax,High,37,8e-05,48.6,0.488,0.5678,ns
M5vsM6_anom_24m,tertiles,Relative Disturbance,GPPsat,High,37,-1.06777,67.6,0.008571,0.03214,*
M5vsM6_anom_24m,tertiles,Relative Disturbance,NEPmax,High,37,-0.88524,62.2,0.01278,0.04109,*
M5vsM6_anom_24m,tertiles,Relative Disturbance,WUE,High,37,-0.05276,54.1,0.03752,0.08041,ns
M5vsM6_anom_24m,tertiles,Relative Disturbance,uWUE,High,37,-0.10032,64.9,0.008226,0.03214,*
M5vsM6_anom_24m,tertiles,Relative Disturbance,ETmax,Mid,37,-0.00192,56.8,0.05005,0.09792,ns
M5vsM6_anom_24m,tertiles,Relative Disturbance,GPPsat,Mid,37,-0.89216,73,0.001886,0.03214,*
M5vsM6_anom_24m,tertiles,Relative Disturbance,NEPmax,Mid,37,-1.54313,73,0.001886,0.03214,*
M5vsM6_anom_24m,tertiles,Relative Disturbance,WUE,Mid,37,-0.06284,67.6,0.08727,0.151,ns
M5vsM6_anom_24m,tertiles,Relative Disturbance,uWUE,Mid,37,-0.00316,54.1,0.5836,0.6253,ns
M5vsM6_anom_24m,tertiles,Relative Disturbance,ETmax,Low,38,-0.00083,52.6,0.5174,0.5678,ns
M5vsM6_anom_24m,tertiles,Relative Disturbance,GPPsat,Low,38,-0.53595,60.5,0.01774,0.04696,*
M5vsM6_anom_24m,tertiles,Relative Disturbance,NEPmax,Low,38,-0.95765,57.9,0.1172,0.1818,ns
M5vsM6_anom_24m,tertiles,Relative Disturbance,WUE,Low,38,-0.01547,52.6,0.5058,0.5678,ns
M5vsM6_anom_24m,tertiles,Relative Disturbance,uWUE,Low,38,0.01277,42.1,0.6252,0.6542,ns
M5vsM6_anom_24m,equal_width,Absolute Mortality,ETmax,Mid,52,-0.00018,50,0.3228,0.4219,ns
M5vsM6_anom_24m,equal_width,Absolute Mortality,GPPsat,Mid,52,-0.79985,65.4,0.007805,0.03903,*
M5vsM6_anom_24m,equal_width,Absolute Mortality,NEPmax,Mid,52,-0.59014,59.6,0.06706,0.1588,ns
M5vsM6_anom_24m,equal_width,Absolute Mortality,WUE,Mid,52,-0.048,61.5,0.03604,0.0954,ns
M5vsM6_anom_24m,equal_width,Absolute Mortality,uWUE,Mid,52,-0.02483,61.5,0.0294,0.0882,ns
M5vsM6_anom_24m,equal_width,Absolute Mortality,ETmax,Low,54,-0.00174,55.6,0.1528,0.2864,ns
M5vsM6_anom_24m,equal_width,Absolute Mortality,GPPsat,Low,54,-0.83255,70.4,0.0001068,0.003476,**
M5vsM6_anom_24m,equal_width,Absolute Mortality,NEPmax,Low,54,-1.47518,72.2,0.0001545,0.003476,**
M5vsM6_anom_24m,equal_width,Absolute Mortality,WUE,Low,54,-0.05442,57.4,0.2217,0.3564,ns
M5vsM6_anom_24m,equal_width,Absolute Mortality,uWUE,Low,54,0.00488,44.4,0.6508,0.6625,ns
M5vsM6_anom_24m,equal_width,Absolute Mortality,ETmax,High,6,0.00067,50,0.6625,0.6625,ns
M5vsM6_anom_24m,equal_width,Absolute Mortality,GPPsat,High,6,-0.27977,50,0.3375,0.4219,ns
M5vsM6_anom_24m,equal_width,Absolute Mortality,NEPmax,High,6,0.04998,33.3,0.583,0.6102,ns
M5vsM6_anom_24m,equal_width,Absolute Mortality,WUE,High,6,0.03334,33.3,0.5,0.5769,ns
M5vsM6_anom_24m,equal_width,Absolute Mortality,uWUE,High,6,-0.06342,66.7,0.3375,0.4219,ns
M5vsM6_anom_24m,equal_width,Relative Mortality,ETmax,Mid,34,0.00035,44.1,0.5273,0.5782,ns
M5vsM6_anom_24m,equal_width,Relative Mortality,GPPsat,Mid,34,-1.07797,70.6,0.001828,0.0172,*
M5vsM6_anom_24m,equal_width,Relative Mortality,NEPmax,Mid,34,-0.73924,64.7,0.003115,0.02336,*
M5vsM6_anom_24m,equal_width,Relative Mortality,WUE,Mid,34,-0.02155,52.9,0.2364,0.3621,ns
M5vsM6_anom_24m,equal_width,Relative Mortality,uWUE,Mid,34,-0.01885,58.8,0.1191,0.2435,ns
M5vsM6_anom_24m,equal_width,Relative Mortality,ETmax,High,8,-0.00261,75,0.312,0.4219,ns
M5vsM6_anom_24m,equal_width,Relative Mortality,GPPsat,High,8,-0.86785,75,0.09172,0.1965,ns
M5vsM6_anom_24m,equal_width,Relative Mortality,NEPmax,High,8,-1.0908,75,0.1468,0.2864,ns
M5vsM6_anom_24m,equal_width,Relative Mortality,WUE,High,8,-0.31231,75,0.02935,0.0882,ns
M5vsM6_anom_24m,equal_width,Relative Mortality,uWUE,High,8,-0.27283,87.5,0.07074,0.1592,ns
M5vsM6_anom_24m,equal_width,Relative Mortality,ETmax,Low,70,-0.00173,54.3,0.1745,0.3142,ns
M5vsM6_anom_24m,equal_width,Relative Mortality,GPPsat,Low,70,-0.55679,64.3,0.001591,0.0172,*
M5vsM6_anom_24m,equal_width,Relative Mortality,NEPmax,Low,70,-1.0961,62.9,0.009033,0.04065,*
M5vsM6_anom_24m,equal_width,Relative Mortality,WUE,Low,70,-0.05442,58.6,0.1884,0.3261,ns
M5vsM6_anom_24m,equal_width,Relative Mortality,uWUE,Low,70,0.00434,47.1,0.5396,0.5782,ns
M5vsM6_anom_24m,equal_width,Relative Disturbance,ETmax,Mid,39,8e-05,46.2,0.3715,0.4499,ns
M5vsM6_anom_24m,equal_width,Relative Disturbance,GPPsat,Mid,39,-0.93675,69.2,0.005016,0.03225,*
M5vsM6_anom_24m,equal_width,Relative Disturbance,NEPmax,Mid,39,-0.59323,61.5,0.007735,0.03903,*
M5vsM6_anom_24m,equal_width,Relative Disturbance,WUE,Mid,39,-0.01296,51.3,0.3053,0.4219,ns
M5vsM6_anom_24m,equal_width,Relative Disturbance,uWUE,Mid,39,-0.00637,53.8,0.2537,0.3683,ns
M5vsM6_anom_24m,equal_width,Relative Disturbance,ETmax,High,10,-0.00261,70,0.3799,0.4499,ns
M5vsM6_anom_24m,equal_width,Relative Disturbance,GPPsat,High,10,-1.62266,80,0.02639,0.0882,ns
M5vsM6_anom_24m,equal_width,Relative Disturbance,NEPmax,High,10,-1.145,80,0.04157,0.1039,ns
M5vsM6_anom_24m,equal_width,Relative Disturbance,WUE,High,10,-0.31231,80,0.01247,0.04675,*
M5vsM6_anom_24m,equal_width,Relative Disturbance,uWUE,High,10,-0.29217,90,0.03327,0.09358,ns
M5vsM6_anom_24m,equal_width,Relative Disturbance,ETmax,Low,63,-0.00161,54,0.2414,0.3621,ns
M5vsM6_anom_24m,equal_width,Relative Disturbance,GPPsat,Low,63,-0.55108,63.5,0.001911,0.0172,*
M5vsM6_anom_24m,equal_width,Relative Disturbance,NEPmax,Low,63,-1.13598,63.5,0.01121,0.04586,*
M5vsM6_anom_24m,equal_width,Relative Disturbance,WUE,Low,63,-0.06284,58.7,0.2126,0.3543,ns
M5vsM6_anom_24m,equal_width,Relative Disturbance,uWUE,Low,63,0.00334,47.6,0.5341,0.5782,ns
M5vsM6_anom_24m,natural_breaks,Absolute Mortality,ETmax,High,29,-0.00193,62.1,0.1707,0.256,ns
M5vsM6_anom_24m,natural_breaks,Absolute Mortality,GPPsat,High,29,-0.60322,69,0.01095,0.03131,*
M5vsM6_anom_24m,natural_breaks,Absolute Mortality,NEPmax,High,29,-0.58235,58.6,0.1089,0.2041,ns
M5vsM6_anom_24m,natural_breaks,Absolute Mortality,WUE,High,29,-0.01296,51.7,0.1049,0.2041,ns
M5vsM6_anom_24m,natural_breaks,Absolute Mortality,uWUE,High,29,-0.02324,58.6,0.1172,0.2109,ns
M5vsM6_anom_24m,natural_breaks,Absolute Mortality,ETmax,Mid,46,8e-05,47.8,0.2887,0.3937,ns
M5vsM6_anom_24m,natural_breaks,Absolute Mortality,GPPsat,Mid,46,-1.04925,69.6,0.003051,0.01822,*
M5vsM6_anom_24m,natural_breaks,Absolute Mortality,NEPmax,Mid,46,-1.21413,65.2,0.004512,0.01822,*
M5vsM6_anom_24m,natural_breaks,Absolute Mortality,WUE,Mid,46,-0.03745,56.5,0.2887,0.3937,ns
M5vsM6_anom_24m,natural_breaks,Absolute Mortality,uWUE,Mid,46,-0.01189,56.5,0.1574,0.2443,ns
M5vsM6_anom_24m,natural_breaks,Absolute Mortality,ETmax,Low,37,-6e-05,51.4,0.32,0.4235,ns
M5vsM6_anom_24m,natural_breaks,Absolute Mortality,GPPsat,Low,37,-0.7409,62.2,0.006965,0.02411,*
M5vsM6_anom_24m,natural_breaks,Absolute Mortality,NEPmax,Low,37,-1.21738,67.6,0.009684,0.03113,*
M5vsM6_anom_24m,natural_breaks,Absolute Mortality,WUE,Low,37,-0.08344,64.9,0.0803,0.1643,ns
M5vsM6_anom_24m,natural_breaks,Absolute Mortality,uWUE,Low,37,0.00334,45.9,0.5361,0.5884,ns
M5vsM6_anom_24m,natural_breaks,Relative Mortality,ETmax,Mid,45,7e-05,48.9,0.205,0.2975,ns
M5vsM6_anom_24m,natural_breaks,Relative Mortality,GPPsat,Mid,45,-0.89216,71.1,0.0006738,0.01819,*
M5vsM6_anom_24m,natural_breaks,Relative Mortality,NEPmax,Mid,45,-1.05621,71.1,0.001795,0.01819,*
M5vsM6_anom_24m,natural_breaks,Relative Mortality,WUE,Mid,45,-0.04324,62.2,0.1343,0.2325,ns
M5vsM6_anom_24m,natural_breaks,Relative Mortality,uWUE,Mid,45,-0.00637,55.6,0.4685,0.5548,ns
M5vsM6_anom_24m,natural_breaks,Relative Mortality,ETmax,High,26,-0.00063,53.8,0.3803,0.4753,ns
M5vsM6_anom_24m,natural_breaks,Relative Mortality,GPPsat,High,26,-0.83549,69.2,0.01113,0.03131,*
M5vsM6_anom_24m,natural_breaks,Relative Mortality,NEPmax,High,26,-0.78898,61.5,0.01983,0.0525,ns
M5vsM6_anom_24m,natural_breaks,Relative Mortality,WUE,High,26,-0.11343,65.4,0.004128,0.01822,*
M5vsM6_anom_24m,natural_breaks,Relative Mortality,uWUE,High,26,-0.18178,73.1,0.001746,0.01819,*
M5vsM6_anom_24m,natural_breaks,Relative Mortality,ETmax,Low,41,-0.00161,56.1,0.3584,0.4608,ns
M5vsM6_anom_24m,natural_breaks,Relative Mortality,GPPsat,Low,41,-0.54344,61,0.02444,0.05911,ns
M5vsM6_anom_24m,natural_breaks,Relative Mortality,NEPmax,Low,41,-1.13598,58.5,0.06312,0.1353,ns
M5vsM6_anom_24m,natural_breaks,Relative Mortality,WUE,Low,41,0.00682,48.8,0.6655,0.6965,ns
M5vsM6_anom_24m,natural_breaks,Relative Mortality,uWUE,Low,41,0.01485,39,0.7891,0.7891,ns
M5vsM6_anom_24m,natural_breaks,Relative Disturbance,ETmax,Mid,49,-0.00192,55.1,0.06278,0.1353,ns
M5vsM6_anom_24m,natural_breaks,Relative Disturbance,GPPsat,Mid,49,-0.89216,69.4,0.002022,0.01819,*
M5vsM6_anom_24m,natural_breaks,Relative Disturbance,NEPmax,Mid,49,-1.05621,67.3,0.002022,0.01819,*
M5vsM6_anom_24m,natural_breaks,Relative Disturbance,WUE,Mid,49,-0.04324,61.2,0.1413,0.2356,ns
M5vsM6_anom_24m,natural_breaks,Relative Disturbance,uWUE,Mid,49,-0.00637,55.1,0.4095,0.4981,ns
M5vsM6_anom_24m,natural_breaks,Relative Disturbance,ETmax,High,24,-0.00018,50,0.4829,0.5572,ns
M5vsM6_anom_24m,natural_breaks,Relative Disturbance,GPPsat,High,24,-1.15452,75,0.003776,0.01822,*
M5vsM6_anom_24m,natural_breaks,Relative Disturbance,NEPmax,High,24,-1.0908,70.8,0.004471,0.01822,*
M5vsM6_anom_24m,natural_breaks,Relative Disturbance,WUE,High,24,-0.11343,62.5,0.004859,0.01822,*
M5vsM6_anom_24m,natural_breaks,Relative Disturbance,uWUE,High,24,-0.18178,70.8,0.004859,0.01822,*
M5vsM6_anom_24m,natural_breaks,Relative Disturbance,ETmax,Low,39,-6e-05,51.3,0.5195,0.5844,ns
M5vsM6_anom_24m,natural_breaks,Relative Disturbance,GPPsat,Low,39,-0.52845,59,0.02496,0.05911,ns
M5vsM6_anom_24m,natural_breaks,Relative Disturbance,NEPmax,Low,39,-0.95015,56.4,0.1525,0.2443,ns
M5vsM6_anom_24m,natural_breaks,Relative Disturbance,WUE,Low,39,-0.01258,51.3,0.5965,0.6391,ns
M5vsM6_anom_24m,natural_breaks,Relative Disturbance,uWUE,Low,39,0.01485,41,0.7045,0.7205,ns
M7vsM8_raw_12m,tertiles,Absolute Mortality,ETmax,High,37,-0.00064,56.8,0.2583,0.4304,ns
M7vsM8_raw_12m,tertiles,Absolute Mortality,GPPsat,High,37,-0.02208,51.4,0.2781,0.4316,ns
M7vsM8_raw_12m,tertiles,Absolute Mortality,NEPmax,High,37,-0.06403,51.4,0.3988,0.4985,ns
M7vsM8_raw_12m,tertiles,Absolute Mortality,WUE,High,37,-0.01109,56.8,0.2884,0.4325,ns
M7vsM8_raw_12m,tertiles,Absolute Mortality,uWUE,High,37,-0.02447,67.6,0.01609,0.1462,ns
M7vsM8_raw_12m,tertiles,Absolute Mortality,ETmax,Mid,37,-0.00073,59.5,0.3643,0.4985,ns
M7vsM8_raw_12m,tertiles,Absolute Mortality,GPPsat,Mid,37,-0.24934,59.5,0.03397,0.1597,ns
M7vsM8_raw_12m,tertiles,Absolute Mortality,NEPmax,Mid,37,-0.05052,54.1,0.1421,0.2906,ns
M7vsM8_raw_12m,tertiles,Absolute Mortality,WUE,Mid,37,-0.03696,59.5,0.04701,0.1597,ns
M7vsM8_raw_12m,tertiles,Absolute Mortality,uWUE,Mid,37,-0.01655,62.2,0.04006,0.1597,ns
M7vsM8_raw_12m,tertiles,Absolute Mortality,ETmax,Low,38,-0.00058,52.6,0.2712,0.4316,ns
M7vsM8_raw_12m,tertiles,Absolute Mortality,GPPsat,Low,38,-0.40887,68.4,0.002681,0.1206,ns
M7vsM8_raw_12m,tertiles,Absolute Mortality,NEPmax,Low,38,-0.14462,52.6,0.07976,0.1794,ns
M7vsM8_raw_12m,tertiles,Absolute Mortality,WUE,Low,38,0.0207,42.1,0.8884,0.9086,ns
M7vsM8_raw_12m,tertiles,Absolute Mortality,uWUE,Low,38,0.00011,50,0.6941,0.7618,ns
M7vsM8_raw_12m,tertiles,Relative Mortality,ETmax,High,37,3e-05,48.6,0.6636,0.7466,ns
M7vsM8_raw_12m,tertiles,Relative Mortality,GPPsat,High,37,-0.24619,59.5,0.06193,0.1639,ns
M7vsM8_raw_12m,tertiles,Relative Mortality,NEPmax,High,37,0.14076,40.5,0.7466,0.7999,ns
M7vsM8_raw_12m,tertiles,Relative Mortality,WUE,High,37,-0.02974,64.9,0.07808,0.1794,ns
M7vsM8_raw_12m,tertiles,Relative Mortality,uWUE,High,37,-0.01655,59.5,0.1597,0.3125,ns
M7vsM8_raw_12m,tertiles,Relative Mortality,ETmax,Mid,37,-0.00074,62.2,0.04138,0.1597,ns
M7vsM8_raw_12m,tertiles,Relative Mortality,GPPsat,Mid,37,-0.2224,56.8,0.05324,0.1597,ns
M7vsM8_raw_12m,tertiles,Relative Mortality,NEPmax,Mid,37,-0.14227,56.8,0.02493,0.1462,ns
M7vsM8_raw_12m,tertiles,Relative Mortality,WUE,Mid,37,0.00102,48.6,0.2345,0.4058,ns
M7vsM8_raw_12m,tertiles,Relative Mortality,uWUE,Mid,37,-0.02174,64.9,0.02406,0.1462,ns
M7vsM8_raw_12m,tertiles,Relative Mortality,ETmax,Low,38,-0.0012,57.9,0.3748,0.4985,ns
M7vsM8_raw_12m,tertiles,Relative Mortality,GPPsat,Low,38,-0.35162,63.2,0.01184,0.1462,ns
M7vsM8_raw_12m,tertiles,Relative Mortality,NEPmax,Low,38,-0.17255,60.5,0.06762,0.1691,ns
M7vsM8_raw_12m,tertiles,Relative Mortality,WUE,Low,38,0.0299,44.7,0.9181,0.9181,ns
M7vsM8_raw_12m,tertiles,Relative Mortality,uWUE,Low,38,-0.00929,55.3,0.397,0.4985,ns
M7vsM8_raw_12m,tertiles,Relative Disturbance,ETmax,High,37,-0.00023,51.4,0.3474,0.4985,ns
M7vsM8_raw_12m,tertiles,Relative Disturbance,GPPsat,High,37,-0.05558,56.8,0.1167,0.25,ns
M7vsM8_raw_12m,tertiles,Relative Disturbance,NEPmax,High,37,0.13478,40.5,0.6128,0.7071,ns
M7vsM8_raw_12m,tertiles,Relative Disturbance,WUE,High,37,-0.03496,67.6,0.05324,0.1597,ns
M7vsM8_raw_12m,tertiles,Relative Disturbance,uWUE,High,37,-0.02161,62.2,0.05005,0.1597,ns
M7vsM8_raw_12m,tertiles,Relative Disturbance,ETmax,Mid,37,-0.00053,59.5,0.1787,0.3351,ns
M7vsM8_raw_12m,tertiles,Relative Disturbance,GPPsat,Mid,37,-0.39222,62.2,0.01136,0.1462,ns
M7vsM8_raw_12m,tertiles,Relative Disturbance,NEPmax,Mid,37,-0.17746,64.9,0.0167,0.1462,ns
M7vsM8_raw_12m,tertiles,Relative Disturbance,WUE,Mid,37,0.01309,45.9,0.4699,0.5565,ns
M7vsM8_raw_12m,tertiles,Relative Disturbance,uWUE,Mid,37,-0.00642,56.8,0.4282,0.5207,ns
M7vsM8_raw_12m,tertiles,Relative Disturbance,ETmax,Low,38,-0.0012,57.9,0.3914,0.4985,ns
M7vsM8_raw_12m,tertiles,Relative Disturbance,GPPsat,Low,38,-0.23401,60.5,0.02599,0.1462,ns
M7vsM8_raw_12m,tertiles,Relative Disturbance,NEPmax,Low,38,-0.06456,52.6,0.2084,0.375,ns
M7vsM8_raw_12m,tertiles,Relative Disturbance,WUE,Low,38,0.01686,44.7,0.8118,0.8496,ns
M7vsM8_raw_12m,tertiles,Relative Disturbance,uWUE,Low,38,-0.01472,60.5,0.05865,0.1639,ns
M7vsM8_raw_12m,equal_width,Absolute Mortality,ETmax,Mid,52,-0.00052,53.8,0.4295,0.6923,ns
M7vsM8_raw_12m,equal_width,Absolute Mortality,GPPsat,Mid,52,0.06216,44.2,0.4619,0.6929,ns
M7vsM8_raw_12m,equal_width,Absolute Mortality,NEPmax,Mid,52,0.15611,40.4,0.7899,0.8669,ns
M7vsM8_raw_12m,equal_width,Absolute Mortality,WUE,Mid,52,-0.02985,57.7,0.03325,0.1152,ns
M7vsM8_raw_12m,equal_width,Absolute Mortality,uWUE,Mid,52,-0.02777,69.2,0.001231,0.02769,*
M7vsM8_raw_12m,equal_width,Absolute Mortality,ETmax,Low,54,-0.00134,61.1,0.09242,0.2189,ns
M7vsM8_raw_12m,equal_width,Absolute Mortality,GPPsat,Low,54,-0.44867,70.4,0.0002603,0.01171,*
M7vsM8_raw_12m,equal_width,Absolute Mortality,NEPmax,Low,54,-0.18974,63,0.003519,0.03168,*
M7vsM8_raw_12m,equal_width,Absolute Mortality,WUE,Low,54,0.00905,48.1,0.7884,0.8669,ns
M7vsM8_raw_12m,equal_width,Absolute Mortality,uWUE,Low,54,-0.00341,51.9,0.6052,0.7761,ns
M7vsM8_raw_12m,equal_width,Absolute Mortality,ETmax,High,6,0.00133,33.3,0.7353,0.8484,ns
M7vsM8_raw_12m,equal_width,Absolute Mortality,GPPsat,High,6,-0.666,100,0.01802,0.09922,ns
M7vsM8_raw_12m,equal_width,Absolute Mortality,NEPmax,High,6,-0.62509,66.7,0.2008,0.4108,ns
M7vsM8_raw_12m,equal_width,Absolute Mortality,WUE,High,6,0.03334,50,0.7353,0.8484,ns
M7vsM8_raw_12m,equal_width,Absolute Mortality,uWUE,High,6,0.01162,50,0.583,0.7761,ns
M7vsM8_raw_12m,equal_width,Relative Mortality,ETmax,Mid,34,-1e-04,50,0.6209,0.7761,ns
M7vsM8_raw_12m,equal_width,Relative Mortality,GPPsat,Mid,34,-0.37703,67.6,0.02011,0.09922,ns
M7vsM8_raw_12m,equal_width,Relative Mortality,NEPmax,Mid,34,-0.05954,55.9,0.226,0.4421,ns
M7vsM8_raw_12m,equal_width,Relative Mortality,WUE,Mid,34,-0.02594,61.8,0.3283,0.591,ns
M7vsM8_raw_12m,equal_width,Relative Mortality,uWUE,Mid,34,-0.00468,52.9,0.3534,0.6117,ns
M7vsM8_raw_12m,equal_width,Relative Mortality,ETmax,High,8,0.00034,50,0.5832,0.7761,ns
M7vsM8_raw_12m,equal_width,Relative Mortality,GPPsat,High,8,0.19328,12.5,0.9896,0.9896,ns
M7vsM8_raw_12m,equal_width,Relative Mortality,NEPmax,High,8,0.27143,12.5,0.9463,0.9896,ns
M7vsM8_raw_12m,equal_width,Relative Mortality,WUE,High,8,-0.09178,75,0.04003,0.124,ns
M7vsM8_raw_12m,equal_width,Relative Mortality,uWUE,High,8,-0.07006,87.5,0.02935,0.1152,ns
M7vsM8_raw_12m,equal_width,Relative Mortality,ETmax,Low,70,-0.00088,60,0.07416,0.2086,ns
M7vsM8_raw_12m,equal_width,Relative Mortality,GPPsat,Low,70,-0.30733,61.4,0.00185,0.02775,*
M7vsM8_raw_12m,equal_width,Relative Mortality,NEPmax,Low,70,-0.15495,55.7,0.02205,0.09922,ns
M7vsM8_raw_12m,equal_width,Relative Mortality,WUE,Low,70,0.00919,45.7,0.5948,0.7761,ns
M7vsM8_raw_12m,equal_width,Relative Mortality,uWUE,Low,70,-0.01165,60,0.08821,0.2189,ns
M7vsM8_raw_12m,equal_width,Relative Disturbance,ETmax,Mid,39,-0.00074,53.8,0.2955,0.5541,ns
M7vsM8_raw_12m,equal_width,Relative Disturbance,GPPsat,Mid,39,-0.42552,69.2,0.007161,0.0537,ns
M7vsM8_raw_12m,equal_width,Relative Disturbance,NEPmax,Mid,39,-0.06403,56.4,0.1525,0.3432,ns
M7vsM8_raw_12m,equal_width,Relative Disturbance,WUE,Mid,39,-0.02413,56.4,0.4308,0.6923,ns
M7vsM8_raw_12m,equal_width,Relative Disturbance,uWUE,Mid,39,-0.00338,51.3,0.4583,0.6929,ns
M7vsM8_raw_12m,equal_width,Relative Disturbance,ETmax,High,10,0.00092,50,0.6583,0.8006,ns
M7vsM8_raw_12m,equal_width,Relative Disturbance,GPPsat,High,10,0.19328,20,0.9736,0.9896,ns
M7vsM8_raw_12m,equal_width,Relative Disturbance,NEPmax,High,10,0.27143,20,0.8894,0.9529,ns
M7vsM8_raw_12m,equal_width,Relative Disturbance,WUE,High,10,-0.05952,80,0.03327,0.1152,ns
M7vsM8_raw_12m,equal_width,Relative Disturbance,uWUE,High,10,-0.06538,90,0.009529,0.06126,ns
M7vsM8_raw_12m,equal_width,Relative Disturbance,ETmax,Low,63,-0.00073,58.7,0.1681,0.3601,ns
M7vsM8_raw_12m,equal_width,Relative Disturbance,GPPsat,Low,63,-0.27218,60.3,0.003459,0.03168,*
M7vsM8_raw_12m,equal_width,Relative Disturbance,NEPmax,Low,63,-0.14227,55.6,0.04133,0.124,ns
M7vsM8_raw_12m,equal_width,Relative Disturbance,WUE,Low,63,0.01309,46,0.5854,0.7761,ns
M7vsM8_raw_12m,equal_width,Relative Disturbance,uWUE,Low,63,-0.0118,60.3,0.08387,0.2189,ns
M7vsM8_raw_12m,natural_breaks,Absolute Mortality,ETmax,High,29,-0.00074,58.6,0.2377,0.3962,ns
M7vsM8_raw_12m,natural_breaks,Absolute Mortality,GPPsat,High,29,-0.14336,58.6,0.1707,0.3201,ns
M7vsM8_raw_12m,natural_breaks,Absolute Mortality,NEPmax,High,29,-0.11162,55.2,0.3976,0.5112,ns
M7vsM8_raw_12m,natural_breaks,Absolute Mortality,WUE,High,29,-0.00717,55.2,0.2724,0.4087,ns
M7vsM8_raw_12m,natural_breaks,Absolute Mortality,uWUE,High,29,-0.02875,72.4,0.01998,0.1284,ns
M7vsM8_raw_12m,natural_breaks,Absolute Mortality,ETmax,Mid,46,-0.00063,58.7,0.3271,0.46,ns
M7vsM8_raw_12m,natural_breaks,Absolute Mortality,GPPsat,Mid,46,-0.13581,54.3,0.06172,0.2154,ns
M7vsM8_raw_12m,natural_breaks,Absolute Mortality,NEPmax,Mid,46,-0.02902,52.2,0.1326,0.2711,ns
M7vsM8_raw_12m,natural_breaks,Absolute Mortality,WUE,Mid,46,-0.02724,58.7,0.08099,0.2226,ns
M7vsM8_raw_12m,natural_breaks,Absolute Mortality,uWUE,Mid,46,-0.01512,60.9,0.03242,0.1621,ns
M7vsM8_raw_12m,natural_breaks,Absolute Mortality,ETmax,Low,37,-0.00013,51.4,0.32,0.46,ns
M7vsM8_raw_12m,natural_breaks,Absolute Mortality,GPPsat,Low,37,-0.42552,67.6,0.003019,0.06793,ns
M7vsM8_raw_12m,natural_breaks,Absolute Mortality,NEPmax,Low,37,-0.1216,51.4,0.1197,0.2666,ns
M7vsM8_raw_12m,natural_breaks,Absolute Mortality,WUE,Low,37,0.01309,43.2,0.8403,0.884,ns
M7vsM8_raw_12m,natural_breaks,Absolute Mortality,uWUE,Low,37,0.0011,48.6,0.7168,0.8064,ns
M7vsM8_raw_12m,natural_breaks,Relative Mortality,ETmax,Mid,45,-0.00064,57.8,0.1158,0.2666,ns
M7vsM8_raw_12m,natural_breaks,Relative Mortality,GPPsat,Mid,45,-0.24619,55.6,0.086,0.2226,ns
M7vsM8_raw_12m,natural_breaks,Relative Mortality,NEPmax,Mid,45,-0.1198,57.8,0.04208,0.1894,ns
M7vsM8_raw_12m,natural_breaks,Relative Mortality,WUE,Mid,45,-0.00717,51.1,0.2316,0.3962,ns
M7vsM8_raw_12m,natural_breaks,Relative Mortality,uWUE,Mid,45,-0.0115,57.8,0.1924,0.3463,ns
M7vsM8_raw_12m,natural_breaks,Relative Mortality,ETmax,High,26,-1e-04,50,0.5,0.5921,ns
M7vsM8_raw_12m,natural_breaks,Relative Mortality,GPPsat,High,26,-0.15852,61.5,0.05203,0.2129,ns
M7vsM8_raw_12m,natural_breaks,Relative Mortality,NEPmax,High,26,0.16794,38.5,0.7373,0.8092,ns
M7vsM8_raw_12m,natural_breaks,Relative Mortality,WUE,High,26,-0.03335,69.2,0.067,0.2154,ns
M7vsM8_raw_12m,natural_breaks,Relative Mortality,uWUE,High,26,-0.0242,65.4,0.01983,0.1284,ns
M7vsM8_raw_12m,natural_breaks,Relative Mortality,ETmax,Low,41,-0.00103,58.5,0.3878,0.5112,ns
M7vsM8_raw_12m,natural_breaks,Relative Mortality,GPPsat,Low,41,-0.34248,63.4,0.007422,0.1113,ns
M7vsM8_raw_12m,natural_breaks,Relative Mortality,NEPmax,Low,41,-0.1216,56.1,0.1244,0.2666,ns
M7vsM8_raw_12m,natural_breaks,Relative Mortality,WUE,Low,41,0.02887,43.9,0.8908,0.8908,ns
M7vsM8_raw_12m,natural_breaks,Relative Mortality,uWUE,Low,41,-0.01127,58.5,0.2585,0.4087,ns
M7vsM8_raw_12m,natural_breaks,Relative Disturbance,ETmax,Mid,49,-0.00074,59.2,0.0746,0.2226,ns
M7vsM8_raw_12m,natural_breaks,Relative Disturbance,GPPsat,Mid,49,-0.41075,65.3,0.002291,0.06793,ns
M7vsM8_raw_12m,natural_breaks,Relative Disturbance,NEPmax,Mid,49,-0.14227,61.2,0.01469,0.1284,ns
M7vsM8_raw_12m,natural_breaks,Relative Disturbance,WUE,Mid,49,0.005,49,0.4368,0.546,ns
M7vsM8_raw_12m,natural_breaks,Relative Disturbance,uWUE,Mid,49,-0.0073,57.1,0.2687,0.4087,ns
M7vsM8_raw_12m,natural_breaks,Relative Disturbance,ETmax,High,24,0.00126,45.8,0.6288,0.7255,ns
M7vsM8_raw_12m,natural_breaks,Relative Disturbance,GPPsat,High,24,-0.01535,50,0.4943,0.5921,ns
M7vsM8_raw_12m,natural_breaks,Relative Disturbance,NEPmax,High,24,0.25416,33.3,0.8643,0.884,ns
M7vsM8_raw_12m,natural_breaks,Relative Disturbance,WUE,High,24,-0.04076,75,0.01245,0.1284,ns
M7vsM8_raw_12m,natural_breaks,Relative Disturbance,uWUE,High,24,-0.02029,66.7,0.06319,0.2154,ns
M7vsM8_raw_12m,natural_breaks,Relative Disturbance,ETmax,Low,39,-0.00103,59,0.3768,0.5112,ns
M7vsM8_raw_12m,natural_breaks,Relative Disturbance,GPPsat,Low,39,-0.23239,59,0.0284,0.1597,ns
M7vsM8_raw_12m,natural_breaks,Relative Disturbance,NEPmax,Low,39,-0.1216,53.8,0.1626,0.3181,ns
M7vsM8_raw_12m,natural_breaks,Relative Disturbance,WUE,Low,39,0.02845,43.6,0.854,0.884,ns
M7vsM8_raw_12m,natural_breaks,Relative Disturbance,uWUE,Low,39,-0.01436,59,0.08905,0.2226,ns
M7vsM8_raw_24m,tertiles,Absolute Mortality,ETmax,High,37,1e-05,48.6,0.554,0.9233,ns
M7vsM8_raw_24m,tertiles,Absolute Mortality,GPPsat,High,37,0.02245,45.9,0.8511,0.966,ns
M7vsM8_raw_24m,tertiles,Absolute Mortality,NEPmax,High,37,0.2056,35.1,0.95,0.966,ns
M7vsM8_raw_24m,tertiles,Absolute Mortality,WUE,High,37,-0.01486,59.5,0.2935,0.6952,ns
M7vsM8_raw_24m,tertiles,Absolute Mortality,uWUE,High,37,-0.02336,62.2,0.01435,0.2762,ns
M7vsM8_raw_24m,tertiles,Absolute Mortality,ETmax,Mid,37,0.00062,43.2,0.8833,0.966,ns
M7vsM8_raw_24m,tertiles,Absolute Mortality,GPPsat,Mid,37,0.00992,45.9,0.6012,0.9419,ns
M7vsM8_raw_24m,tertiles,Absolute Mortality,NEPmax,Mid,37,-0.16654,62.2,0.03069,0.2762,ns
M7vsM8_raw_24m,tertiles,Absolute Mortality,WUE,Mid,37,-0.00985,56.8,0.1227,0.4902,ns
M7vsM8_raw_24m,tertiles,Absolute Mortality,uWUE,Mid,37,0.00398,48.6,0.548,0.9233,ns
M7vsM8_raw_24m,tertiles,Absolute Mortality,ETmax,Low,38,0.00034,47.4,0.5462,0.9233,ns
M7vsM8_raw_24m,tertiles,Absolute Mortality,GPPsat,Low,38,-0.18422,71.1,0.02599,0.2762,ns
M7vsM8_raw_24m,tertiles,Absolute Mortality,NEPmax,Low,38,-0.07699,60.5,0.2761,0.6901,ns
M7vsM8_raw_24m,tertiles,Absolute Mortality,WUE,Low,38,0.01433,39.5,0.943,0.966,ns
M7vsM8_raw_24m,tertiles,Absolute Mortality,uWUE,Low,38,0.01295,44.7,0.7383,0.966,ns
M7vsM8_raw_24m,tertiles,Relative Mortality,ETmax,High,37,0.00052,40.5,0.8975,0.966,ns
M7vsM8_raw_24m,tertiles,Relative Mortality,GPPsat,High,37,0.15138,37.8,0.966,0.966,ns
M7vsM8_raw_24m,tertiles,Relative Mortality,NEPmax,High,37,0.12362,37.8,0.8891,0.966,ns
M7vsM8_raw_24m,tertiles,Relative Mortality,WUE,High,37,-0.00985,62.2,0.1634,0.4902,ns
M7vsM8_raw_24m,tertiles,Relative Mortality,uWUE,High,37,-0.01484,62.2,0.08258,0.4902,ns
M7vsM8_raw_24m,tertiles,Relative Mortality,ETmax,Mid,37,-0.00011,54.1,0.446,0.9165,ns
M7vsM8_raw_24m,tertiles,Relative Mortality,GPPsat,Mid,37,-0.19688,62.2,0.04851,0.3638,ns
M7vsM8_raw_24m,tertiles,Relative Mortality,NEPmax,Mid,37,0.01309,45.9,0.647,0.966,ns
M7vsM8_raw_24m,tertiles,Relative Mortality,WUE,Mid,37,-0.01514,54.1,0.2731,0.6901,ns
M7vsM8_raw_24m,tertiles,Relative Mortality,uWUE,Mid,37,-0.02059,54.1,0.1354,0.4902,ns
M7vsM8_raw_24m,tertiles,Relative Mortality,ETmax,Low,38,0.00075,44.7,0.4884,0.9233,ns
M7vsM8_raw_24m,tertiles,Relative Mortality,GPPsat,Low,38,-0.11506,63.2,0.1144,0.4902,ns
M7vsM8_raw_24m,tertiles,Relative Mortality,NEPmax,Low,38,-0.11637,73.7,0.008358,0.2762,ns
M7vsM8_raw_24m,tertiles,Relative Mortality,WUE,Low,38,0.0163,39.5,0.9016,0.966,ns
M7vsM8_raw_24m,tertiles,Relative Mortality,uWUE,Low,38,0.01697,39.5,0.9113,0.966,ns
M7vsM8_raw_24m,tertiles,Relative Disturbance,ETmax,High,37,0.00093,35.1,0.9484,0.966,ns
M7vsM8_raw_24m,tertiles,Relative Disturbance,GPPsat,High,37,0.0371,45.9,0.8646,0.966,ns
M7vsM8_raw_24m,tertiles,Relative Disturbance,NEPmax,High,37,0.10799,40.5,0.8679,0.966,ns
M7vsM8_raw_24m,tertiles,Relative Disturbance,WUE,High,37,-0.00621,54.1,0.5361,0.9233,ns
M7vsM8_raw_24m,tertiles,Relative Disturbance,uWUE,High,37,-0.00802,56.8,0.1227,0.4902,ns
M7vsM8_raw_24m,tertiles,Relative Disturbance,ETmax,Mid,37,-0.00023,56.8,0.32,0.72,ns
M7vsM8_raw_24m,tertiles,Relative Disturbance,GPPsat,Mid,37,-0.08837,56.8,0.1025,0.4902,ns
M7vsM8_raw_24m,tertiles,Relative Disturbance,NEPmax,Mid,37,0.08435,45.9,0.607,0.9419,ns
M7vsM8_raw_24m,tertiles,Relative Disturbance,WUE,Mid,37,-0.01514,56.8,0.1525,0.4902,ns
M7vsM8_raw_24m,tertiles,Relative Disturbance,uWUE,Mid,37,-0.00762,56.8,0.1597,0.4902,ns
M7vsM8_raw_24m,tertiles,Relative Disturbance,ETmax,Low,38,0.00075,47.4,0.4481,0.9165,ns
M7vsM8_raw_24m,tertiles,Relative Disturbance,GPPsat,Low,38,-0.08281,60.5,0.2342,0.6587,ns
M7vsM8_raw_24m,tertiles,Relative Disturbance,NEPmax,Low,38,-0.12599,71.1,0.02268,0.2762,ns
M7vsM8_raw_24m,tertiles,Relative Disturbance,WUE,Low,38,0.01424,44.7,0.7999,0.966,ns
M7vsM8_raw_24m,tertiles,Relative Disturbance,uWUE,Low,38,0.01347,42.1,0.8308,0.966,ns
M7vsM8_raw_24m,equal_width,Absolute Mortality,ETmax,Mid,52,0.00048,46.2,0.8151,0.976,ns
M7vsM8_raw_24m,equal_width,Absolute Mortality,GPPsat,Mid,52,0.01663,44.2,0.9089,0.976,ns
M7vsM8_raw_24m,equal_width,Absolute Mortality,NEPmax,Mid,52,0.11989,42.3,0.8556,0.976,ns
M7vsM8_raw_24m,equal_width,Absolute Mortality,WUE,Mid,52,-0.01334,63.5,0.06245,0.6142,ns
M7vsM8_raw_24m,equal_width,Absolute Mortality,uWUE,Mid,52,-0.00281,53.8,0.1191,0.6722,ns
M7vsM8_raw_24m,equal_width,Absolute Mortality,ETmax,Low,54,0.00034,46.3,0.5785,0.976,ns
M7vsM8_raw_24m,equal_width,Absolute Mortality,GPPsat,Low,54,-0.13604,64.8,0.03597,0.6142,ns
M7vsM8_raw_24m,equal_width,Absolute Mortality,NEPmax,Low,54,-0.08346,63,0.06484,0.6142,ns
M7vsM8_raw_24m,equal_width,Absolute Mortality,WUE,Low,54,0.01424,40.7,0.8941,0.976,ns
M7vsM8_raw_24m,equal_width,Absolute Mortality,uWUE,Low,54,0.01055,46.3,0.6821,0.976,ns
M7vsM8_raw_24m,equal_width,Absolute Mortality,ETmax,High,6,0.00035,50,0.583,0.976,ns
M7vsM8_raw_24m,equal_width,Absolute Mortality,GPPsat,High,6,-0.2246,50,0.6625,0.976,ns
M7vsM8_raw_24m,equal_width,Absolute Mortality,NEPmax,High,6,-0.02236,50,0.417,0.9348,ns
M7vsM8_raw_24m,equal_width,Absolute Mortality,WUE,High,6,0.01391,50,0.6625,0.976,ns
M7vsM8_raw_24m,equal_width,Absolute Mortality,uWUE,High,6,-0.03608,83.3,0.2008,0.8216,ns
M7vsM8_raw_24m,equal_width,Relative Mortality,ETmax,Mid,34,0.00048,44.1,0.9338,0.9772,ns
M7vsM8_raw_24m,equal_width,Relative Mortality,GPPsat,Mid,34,0.03984,41.2,0.8308,0.976,ns
M7vsM8_raw_24m,equal_width,Relative Mortality,NEPmax,Mid,34,0.12613,41.2,0.7689,0.976,ns
M7vsM8_raw_24m,equal_width,Relative Mortality,WUE,Mid,34,-0.00829,55.9,0.4187,0.9348,ns
M7vsM8_raw_24m,equal_width,Relative Mortality,uWUE,Mid,34,-0.01771,61.8,0.1157,0.6722,ns
M7vsM8_raw_24m,equal_width,Relative Mortality,ETmax,High,8,0.00112,25,0.7794,0.976,ns
M7vsM8_raw_24m,equal_width,Relative Mortality,GPPsat,High,8,0.5604,25,0.985,0.9905,ns
M7vsM8_raw_24m,equal_width,Relative Mortality,NEPmax,High,8,0.07742,37.5,0.7357,0.976,ns
M7vsM8_raw_24m,equal_width,Relative Mortality,WUE,High,8,-0.00989,62.5,0.4168,0.9348,ns
M7vsM8_raw_24m,equal_width,Relative Mortality,uWUE,High,8,0.00359,50,0.312,0.9348,ns
M7vsM8_raw_24m,equal_width,Relative Mortality,ETmax,Low,70,5e-05,50,0.3738,0.9348,ns
M7vsM8_raw_24m,equal_width,Relative Mortality,GPPsat,Low,70,-0.1673,64.3,0.01834,0.6142,ns
M7vsM8_raw_24m,equal_width,Relative Mortality,NEPmax,Low,70,-0.08346,60,0.1501,0.6756,ns
M7vsM8_raw_24m,equal_width,Relative Mortality,WUE,Low,70,0.00419,48.6,0.5257,0.976,ns
M7vsM8_raw_24m,equal_width,Relative Mortality,uWUE,Low,70,0.00734,47.1,0.5233,0.976,ns
M7vsM8_raw_24m,equal_width,Relative Disturbance,ETmax,Mid,39,0.00052,43.6,0.911,0.976,ns
M7vsM8_raw_24m,equal_width,Relative Disturbance,GPPsat,Mid,39,-0.05404,53.8,0.4363,0.9348,ns
M7vsM8_raw_24m,equal_width,Relative Disturbance,NEPmax,Mid,39,0.11615,43.6,0.6699,0.976,ns
M7vsM8_raw_24m,equal_width,Relative Disturbance,WUE,Mid,39,-0.00621,51.3,0.5965,0.976,ns
M7vsM8_raw_24m,equal_width,Relative Disturbance,uWUE,Mid,39,-0.00064,51.3,0.3102,0.9348,ns
M7vsM8_raw_24m,equal_width,Relative Disturbance,ETmax,High,10,0.00112,20,0.8689,0.976,ns
M7vsM8_raw_24m,equal_width,Relative Disturbance,GPPsat,High,10,0.34223,20,0.9905,0.9905,ns
M7vsM8_raw_24m,equal_width,Relative Disturbance,NEPmax,High,10,0.17209,30,0.7926,0.976,ns
M7vsM8_raw_24m,equal_width,Relative Disturbance,WUE,High,10,-0.00805,60,0.3417,0.9348,ns
M7vsM8_raw_24m,equal_width,Relative Disturbance,uWUE,High,10,-0.03452,60,0.1311,0.6722,ns
M7vsM8_raw_24m,equal_width,Relative Disturbance,ETmax,Low,63,-0.00011,52.4,0.3419,0.9348,ns
M7vsM8_raw_24m,equal_width,Relative Disturbance,GPPsat,Low,63,-0.14004,60.3,0.06824,0.6142,ns
M7vsM8_raw_24m,equal_width,Relative Disturbance,NEPmax,Low,63,-0.08672,61.9,0.1344,0.6722,ns
M7vsM8_raw_24m,equal_width,Relative Disturbance,WUE,Low,63,-0.00202,50.8,0.412,0.9348,ns
M7vsM8_raw_24m,equal_width,Relative Disturbance,uWUE,Low,63,-0.00197,50.8,0.4686,0.9585,ns
M7vsM8_raw_24m,natural_breaks,Absolute Mortality,ETmax,High,29,-0.00037,51.7,0.3406,0.8467,ns
M7vsM8_raw_24m,natural_breaks,Absolute Mortality,GPPsat,High,29,0.01081,48.3,0.8293,0.9685,ns
M7vsM8_raw_24m,natural_breaks,Absolute Mortality,NEPmax,High,29,0.2056,31,0.9685,0.9685,ns
M7vsM8_raw_24m,natural_breaks,Absolute Mortality,WUE,High,29,-0.01486,58.6,0.4144,0.8467,ns
M7vsM8_raw_24m,natural_breaks,Absolute Mortality,uWUE,High,29,-0.02511,69,0.01998,0.3821,ns
M7vsM8_raw_24m,natural_breaks,Absolute Mortality,ETmax,Mid,46,0.00078,43.5,0.9409,0.9685,ns
M7vsM8_raw_24m,natural_breaks,Absolute Mortality,GPPsat,Mid,46,0.01618,45.7,0.6243,0.9685,ns
M7vsM8_raw_24m,natural_breaks,Absolute Mortality,NEPmax,Mid,46,-0.15751,60.9,0.04624,0.4109,ns
M7vsM8_raw_24m,natural_breaks,Absolute Mortality,WUE,Mid,46,-0.00957,56.5,0.1025,0.4371,ns
M7vsM8_raw_24m,natural_breaks,Absolute Mortality,uWUE,Mid,46,0.00503,45.7,0.5392,0.9685,ns
M7vsM8_raw_24m,natural_breaks,Absolute Mortality,ETmax,Low,37,5e-04,45.9,0.5421,0.9685,ns
M7vsM8_raw_24m,natural_breaks,Absolute Mortality,GPPsat,Low,37,-0.15643,70.3,0.03397,0.3821,ns
M7vsM8_raw_24m,natural_breaks,Absolute Mortality,NEPmax,Low,37,-0.07377,59.5,0.32,0.8467,ns
M7vsM8_raw_24m,natural_breaks,Absolute Mortality,WUE,Low,37,0.01228,40.5,0.9283,0.9685,ns
M7vsM8_raw_24m,natural_breaks,Absolute Mortality,uWUE,Low,37,0.0127,45.9,0.6854,0.9685,ns
M7vsM8_raw_24m,natural_breaks,Relative Mortality,ETmax,Mid,45,-7e-05,51.1,0.7021,0.9685,ns
M7vsM8_raw_24m,natural_breaks,Relative Mortality,GPPsat,Mid,45,-0.08837,57.8,0.163,0.6114,ns
M7vsM8_raw_24m,natural_breaks,Relative Mortality,NEPmax,Mid,45,0.11615,42.2,0.706,0.9685,ns
M7vsM8_raw_24m,natural_breaks,Relative Mortality,WUE,Mid,45,-0.00202,51.1,0.4328,0.8467,ns
M7vsM8_raw_24m,natural_breaks,Relative Mortality,uWUE,Mid,45,-0.00802,57.8,0.09713,0.4371,ns
M7vsM8_raw_24m,natural_breaks,Relative Mortality,ETmax,High,26,0.00092,34.6,0.813,0.9685,ns
M7vsM8_raw_24m,natural_breaks,Relative Mortality,GPPsat,High,26,0.16372,34.6,0.9506,0.9685,ns
M7vsM8_raw_24m,natural_breaks,Relative Mortality,NEPmax,High,26,0.09389,42.3,0.7615,0.9685,ns
M7vsM8_raw_24m,natural_breaks,Relative Mortality,WUE,High,26,-0.01638,65.4,0.187,0.6474,ns
M7vsM8_raw_24m,natural_breaks,Relative Mortality,uWUE,High,26,-0.02486,61.5,0.05479,0.4109,ns
M7vsM8_raw_24m,natural_breaks,Relative Mortality,ETmax,Low,41,0.00018,48.8,0.428,0.8467,ns
M7vsM8_raw_24m,natural_breaks,Relative Mortality,GPPsat,Low,41,-0.09809,63.4,0.1067,0.4371,ns
M7vsM8_raw_24m,natural_breaks,Relative Mortality,NEPmax,Low,41,-0.10919,70.7,0.03384,0.3821,ns
M7vsM8_raw_24m,natural_breaks,Relative Mortality,WUE,Low,41,0.01228,43.9,0.7854,0.9685,ns
M7vsM8_raw_24m,natural_breaks,Relative Mortality,uWUE,Low,41,0.01969,39,0.9192,0.9685,ns
M7vsM8_raw_24m,natural_breaks,Relative Disturbance,ETmax,Mid,49,-7e-05,51,0.5671,0.9685,ns
M7vsM8_raw_24m,natural_breaks,Relative Disturbance,GPPsat,Mid,49,-0.08801,59.2,0.1069,0.4371,ns
M7vsM8_raw_24m,natural_breaks,Relative Disturbance,NEPmax,Mid,49,0.08435,44.9,0.6583,0.9685,ns
M7vsM8_raw_24m,natural_breaks,Relative Disturbance,WUE,Mid,49,-0.00729,53.1,0.24,0.675,ns
M7vsM8_raw_24m,natural_breaks,Relative Disturbance,uWUE,Mid,49,-0.00762,57.1,0.1015,0.4371,ns
M7vsM8_raw_24m,natural_breaks,Relative Disturbance,ETmax,High,24,0.00101,33.3,0.9255,0.9685,ns
M7vsM8_raw_24m,natural_breaks,Relative Disturbance,GPPsat,High,24,0.16372,33.3,0.9673,0.9685,ns
M7vsM8_raw_24m,natural_breaks,Relative Disturbance,NEPmax,High,24,0.12654,37.5,0.8705,0.9685,ns
M7vsM8_raw_24m,natural_breaks,Relative Disturbance,WUE,High,24,-0.01207,62.5,0.3605,0.8467,ns
M7vsM8_raw_24m,natural_breaks,Relative Disturbance,uWUE,High,24,-0.00761,54.2,0.2331,0.675,ns
M7vsM8_raw_24m,natural_breaks,Relative Disturbance,ETmax,Low,39,0.00062,48.7,0.4144,0.8467,ns
M7vsM8_raw_24m,natural_breaks,Relative Disturbance,GPPsat,Low,39,-0.09809,61.5,0.2071,0.6658,ns
M7vsM8_raw_24m,natural_breaks,Relative Disturbance,NEPmax,Low,39,-0.1291,71.8,0.01666,0.3821,ns
M7vsM8_raw_24m,natural_breaks,Relative Disturbance,WUE,Low,39,0.01278,43.6,0.816,0.9685,ns
M7vsM8_raw_24m,natural_breaks,Relative Disturbance,uWUE,Low,39,0.0127,43.6,0.7848,0.9685,ns
M7vsM8_anom_12m,tertiles,Absolute Mortality,ETmax,High,37,-0.00153,54.1,0.494,0.5836,ns
M7vsM8_anom_12m,tertiles,Absolute Mortality,GPPsat,High,37,-0.52146,64.9,0.02674,0.06333,ns
M7vsM8_anom_12m,tertiles,Absolute Mortality,NEPmax,High,37,-0.50301,64.9,0.01182,0.03546,*
M7vsM8_anom_12m,tertiles,Absolute Mortality,WUE,High,37,-0.07032,62.2,0.2731,0.3849,ns
M7vsM8_anom_12m,tertiles,Absolute Mortality,uWUE,High,37,0.00356,45.9,0.393,0.5053,ns
M7vsM8_anom_12m,tertiles,Absolute Mortality,ETmax,Mid,37,0.00073,43.2,0.494,0.5836,ns
M7vsM8_anom_12m,tertiles,Absolute Mortality,GPPsat,Mid,37,-0.90446,75.7,0.004144,0.03042,*
M7vsM8_anom_12m,tertiles,Absolute Mortality,NEPmax,Mid,37,-0.83452,70.3,0.02084,0.05517,ns
M7vsM8_anom_12m,tertiles,Absolute Mortality,WUE,Mid,37,-0.01454,54.1,0.1025,0.1689,ns
M7vsM8_anom_12m,tertiles,Absolute Mortality,uWUE,Mid,37,-0.0398,62.2,0.06193,0.1115,ns
M7vsM8_anom_12m,tertiles,Absolute Mortality,ETmax,Low,38,-0.00057,52.6,0.2908,0.3849,ns
M7vsM8_anom_12m,tertiles,Absolute Mortality,GPPsat,Low,38,-0.55836,65.8,0.00772,0.03487,*
M7vsM8_anom_12m,tertiles,Absolute Mortality,NEPmax,Low,38,-1.17288,68.4,0.0007466,0.02348,*
M7vsM8_anom_12m,tertiles,Absolute Mortality,WUE,Low,38,-0.05695,65.8,0.1088,0.1689,ns
M7vsM8_anom_12m,tertiles,Absolute Mortality,uWUE,Low,38,-0.02398,55.3,0.5058,0.5836,ns
M7vsM8_anom_12m,tertiles,Relative Mortality,ETmax,High,37,0.00157,40.5,0.8863,0.8863,ns
M7vsM8_anom_12m,tertiles,Relative Mortality,GPPsat,High,37,-0.57455,67.6,0.01868,0.05252,ns
M7vsM8_anom_12m,tertiles,Relative Mortality,NEPmax,High,37,-0.81244,64.9,0.0093,0.03487,*
M7vsM8_anom_12m,tertiles,Relative Mortality,WUE,High,37,-0.07032,62.2,0.0759,0.1314,ns
M7vsM8_anom_12m,tertiles,Relative Mortality,uWUE,High,37,-0.09056,59.5,0.05162,0.09679,ns
M7vsM8_anom_12m,tertiles,Relative Mortality,ETmax,Mid,37,-0.00274,59.5,0.03285,0.07038,ns
M7vsM8_anom_12m,tertiles,Relative Mortality,GPPsat,Mid,37,-0.66467,70.3,0.004732,0.03042,*
M7vsM8_anom_12m,tertiles,Relative Mortality,NEPmax,Mid,37,-0.6695,73,0.004332,0.03042,*
M7vsM8_anom_12m,tertiles,Relative Mortality,WUE,Mid,37,-0.07225,70.3,0.02493,0.06232,ns
M7vsM8_anom_12m,tertiles,Relative Mortality,uWUE,Mid,37,-0.00933,54.1,0.2391,0.3587,ns
M7vsM8_anom_12m,tertiles,Relative Mortality,ETmax,Low,38,-0.00017,50,0.4196,0.5244,ns
M7vsM8_anom_12m,tertiles,Relative Mortality,GPPsat,Low,38,-0.67721,68.4,0.01056,0.03546,*
M7vsM8_anom_12m,tertiles,Relative Mortality,NEPmax,Low,38,-0.71437,65.8,0.004334,0.03042,*
M7vsM8_anom_12m,tertiles,Relative Mortality,WUE,Low,38,-0.00587,50,0.5289,0.595,ns
M7vsM8_anom_12m,tertiles,Relative Mortality,uWUE,Low,38,0.00135,50,0.6941,0.7437,ns
M7vsM8_anom_12m,tertiles,Relative Disturbance,ETmax,High,37,0.00157,43.2,0.8613,0.8809,ns
M7vsM8_anom_12m,tertiles,Relative Disturbance,GPPsat,High,37,-0.69615,67.6,0.03069,0.06906,ns
M7vsM8_anom_12m,tertiles,Relative Disturbance,NEPmax,High,37,-0.50301,62.2,0.0093,0.03487,*
M7vsM8_anom_12m,tertiles,Relative Disturbance,WUE,High,37,-0.07032,59.5,0.108,0.1689,ns
M7vsM8_anom_12m,tertiles,Relative Disturbance,uWUE,High,37,-0.10454,62.2,0.04412,0.09025,ns
M7vsM8_anom_12m,tertiles,Relative Disturbance,ETmax,Mid,37,-0.00304,67.6,0.008226,0.03487,*
M7vsM8_anom_12m,tertiles,Relative Disturbance,GPPsat,Mid,37,-0.48575,73,0.003963,0.03042,*
M7vsM8_anom_12m,tertiles,Relative Disturbance,NEPmax,Mid,37,-0.81244,75.7,0.001043,0.02348,*
M7vsM8_anom_12m,tertiles,Relative Disturbance,WUE,Mid,37,-0.06897,67.6,0.05162,0.09679,ns
M7vsM8_anom_12m,tertiles,Relative Disturbance,uWUE,Mid,37,0.0103,45.9,0.5718,0.6276,ns
M7vsM8_anom_12m,tertiles,Relative Disturbance,ETmax,Low,38,0.00049,39.5,0.7916,0.8285,ns
M7vsM8_anom_12m,tertiles,Relative Disturbance,GPPsat,Low,38,-0.67701,65.8,0.00772,0.03487,*
M7vsM8_anom_12m,tertiles,Relative Disturbance,NEPmax,Low,38,-0.71437,65.8,0.0114,0.03546,*
M7vsM8_anom_12m,tertiles,Relative Disturbance,WUE,Low,38,-0.02423,55.3,0.2858,0.3849,ns
M7vsM8_anom_12m,tertiles,Relative Disturbance,uWUE,Low,38,-0.01929,55.3,0.2858,0.3849,ns
M7vsM8_anom_12m,equal_width,Absolute Mortality,ETmax,Mid,52,-0.00235,55.8,0.1004,0.1964,ns
M7vsM8_anom_12m,equal_width,Absolute Mortality,GPPsat,Mid,52,-0.43669,59.6,0.1593,0.2758,ns
M7vsM8_anom_12m,equal_width,Absolute Mortality,NEPmax,Mid,52,-0.5025,59.6,0.1004,0.1964,ns
M7vsM8_anom_12m,equal_width,Absolute Mortality,WUE,Mid,52,-0.06468,61.5,0.09719,0.1964,ns
M7vsM8_anom_12m,equal_width,Absolute Mortality,uWUE,Mid,52,-0.00939,51.9,0.121,0.2268,ns
M7vsM8_anom_12m,equal_width,Absolute Mortality,ETmax,Low,54,-0.00017,50,0.346,0.4626,ns
M7vsM8_anom_12m,equal_width,Absolute Mortality,GPPsat,Low,54,-0.72819,74.1,3.604e-05,0.0008109,***
M7vsM8_anom_12m,equal_width,Absolute Mortality,NEPmax,Low,54,-1.41065,74.1,7.139e-06,0.0003212,***
M7vsM8_anom_12m,equal_width,Absolute Mortality,WUE,Low,54,-0.0399,61.1,0.07282,0.1638,ns
M7vsM8_anom_12m,equal_width,Absolute Mortality,uWUE,Low,54,-0.00884,53.7,0.5717,0.6597,ns
M7vsM8_anom_12m,equal_width,Absolute Mortality,ETmax,High,6,0.00657,0,0.9895,0.9895,ns
M7vsM8_anom_12m,equal_width,Absolute Mortality,GPPsat,High,6,-2.23577,100,0.01802,0.0737,ns
M7vsM8_anom_12m,equal_width,Absolute Mortality,NEPmax,High,6,-3.12664,83.3,0.04675,0.1343,ns
M7vsM8_anom_12m,equal_width,Absolute Mortality,WUE,High,6,-0.01295,50,0.5,0.6081,ns
M7vsM8_anom_12m,equal_width,Absolute Mortality,uWUE,High,6,-0.12764,83.3,0.04675,0.1343,ns
M7vsM8_anom_12m,equal_width,Relative Mortality,ETmax,Mid,34,5e-05,50,0.3534,0.4626,ns
M7vsM8_anom_12m,equal_width,Relative Mortality,GPPsat,Mid,34,-1.24457,73.5,0.001311,0.006857,**
M7vsM8_anom_12m,equal_width,Relative Mortality,NEPmax,Mid,34,-1.31869,76.5,0.0006542,0.00571,**
M7vsM8_anom_12m,equal_width,Relative Mortality,WUE,Mid,34,-0.0102,52.9,0.3283,0.4617,ns
M7vsM8_anom_12m,equal_width,Relative Mortality,uWUE,Mid,34,-0.00309,50,0.3598,0.4626,ns
M7vsM8_anom_12m,equal_width,Relative Mortality,ETmax,High,8,0.00616,12.5,0.9463,0.9895,ns
M7vsM8_anom_12m,equal_width,Relative Mortality,GPPsat,High,8,0.11235,50,0.7794,0.8492,ns
M7vsM8_anom_12m,equal_width,Relative Mortality,NEPmax,High,8,0.37452,37.5,0.6369,0.7165,ns
M7vsM8_anom_12m,equal_width,Relative Mortality,WUE,High,8,-0.17219,87.5,0.05366,0.1421,ns
M7vsM8_anom_12m,equal_width,Relative Mortality,uWUE,High,8,-0.19739,87.5,0.07074,0.1638,ns
M7vsM8_anom_12m,equal_width,Relative Mortality,ETmax,Low,70,-0.00087,54.3,0.1395,0.2511,ns
M7vsM8_anom_12m,equal_width,Relative Mortality,GPPsat,Low,70,-0.66882,68.6,0.0007727,0.00571,**
M7vsM8_anom_12m,equal_width,Relative Mortality,NEPmax,Low,70,-0.59684,67.1,0.0007422,0.00571,**
M7vsM8_anom_12m,equal_width,Relative Mortality,WUE,Low,70,-0.044,61.4,0.05772,0.1443,ns
M7vsM8_anom_12m,equal_width,Relative Mortality,uWUE,Low,70,-0.00884,52.9,0.324,0.4617,ns
M7vsM8_anom_12m,equal_width,Relative Disturbance,ETmax,Mid,39,-0.00218,56.4,0.3053,0.4579,ns
M7vsM8_anom_12m,equal_width,Relative Disturbance,GPPsat,Mid,39,-1.33464,74.4,0.001581,0.007116,**
M7vsM8_anom_12m,equal_width,Relative Disturbance,NEPmax,Mid,39,-1.17294,74.4,0.0007867,0.00571,**
M7vsM8_anom_12m,equal_width,Relative Disturbance,WUE,Mid,39,-0.00587,51.3,0.4363,0.5453,ns
M7vsM8_anom_12m,equal_width,Relative Disturbance,uWUE,Mid,39,0.0103,46.2,0.5417,0.6415,ns
M7vsM8_anom_12m,equal_width,Relative Disturbance,ETmax,High,10,0.00441,10,0.9736,0.9895,ns
M7vsM8_anom_12m,equal_width,Relative Disturbance,GPPsat,High,10,0.11235,50,0.7926,0.8492,ns
M7vsM8_anom_12m,equal_width,Relative Disturbance,NEPmax,High,10,0.05202,50,0.2378,0.3821,ns
M7vsM8_anom_12m,equal_width,Relative Disturbance,WUE,High,10,-0.18597,90,0.02639,0.09898,ns
M7vsM8_anom_12m,equal_width,Relative Disturbance,uWUE,High,10,-0.19739,90,0.03327,0.1152,ns
M7vsM8_anom_12m,equal_width,Relative Disturbance,ETmax,Low,63,-0.00065,52.4,0.1733,0.2888,ns
M7vsM8_anom_12m,equal_width,Relative Disturbance,GPPsat,Low,63,-0.67298,68.3,0.0008883,0.00571,**
M7vsM8_anom_12m,equal_width,Relative Disturbance,NEPmax,Low,63,-0.64297,66.7,0.001371,0.006857,**
M7vsM8_anom_12m,equal_width,Relative Disturbance,WUE,Low,63,-0.04492,61.9,0.04775,0.1343,ns
M7vsM8_anom_12m,equal_width,Relative Disturbance,uWUE,Low,63,-0.01166,54,0.2908,0.4512,ns
M7vsM8_anom_12m,natural_breaks,Absolute Mortality,ETmax,High,29,-0.00153,55.2,0.6514,0.698,ns
M7vsM8_anom_12m,natural_breaks,Absolute Mortality,GPPsat,High,29,-0.73044,65.5,0.02715,0.06801,ns
M7vsM8_anom_12m,natural_breaks,Absolute Mortality,NEPmax,High,29,-0.51274,65.5,0.01895,0.05686,ns
M7vsM8_anom_12m,natural_breaks,Absolute Mortality,WUE,High,29,-0.07032,58.6,0.381,0.467,ns
M7vsM8_anom_12m,natural_breaks,Absolute Mortality,uWUE,High,29,-0.00933,51.7,0.2724,0.4087,ns
M7vsM8_anom_12m,natural_breaks,Absolute Mortality,ETmax,Mid,46,0.00054,43.5,0.384,0.467,ns
M7vsM8_anom_12m,natural_breaks,Absolute Mortality,GPPsat,Mid,46,-0.68859,73.9,0.004232,0.0272,*
M7vsM8_anom_12m,natural_breaks,Absolute Mortality,NEPmax,Mid,46,-0.82348,69.6,0.007197,0.03906,*
M7vsM8_anom_12m,natural_breaks,Absolute Mortality,WUE,Mid,46,-0.03758,58.7,0.04215,0.07904,ns
M7vsM8_anom_12m,natural_breaks,Absolute Mortality,uWUE,Mid,46,-0.03153,56.5,0.08775,0.1462,ns
M7vsM8_anom_12m,natural_breaks,Absolute Mortality,ETmax,Low,37,-0.00073,54.1,0.2884,0.4186,ns
M7vsM8_anom_12m,natural_breaks,Absolute Mortality,GPPsat,Low,37,-0.45615,64.9,0.009684,0.03906,*
M7vsM8_anom_12m,natural_breaks,Absolute Mortality,NEPmax,Low,37,-0.94928,67.6,0.001275,0.026,*
M7vsM8_anom_12m,natural_breaks,Absolute Mortality,WUE,Low,37,-0.04492,64.9,0.1387,0.2152,ns
M7vsM8_anom_12m,natural_breaks,Absolute Mortality,uWUE,Low,37,-0.01348,54.1,0.554,0.6392,ns
M7vsM8_anom_12m,natural_breaks,Relative Mortality,ETmax,Mid,45,-0.00203,57.8,0.05325,0.09585,ns
M7vsM8_anom_12m,natural_breaks,Relative Mortality,GPPsat,Mid,45,-0.66467,68.9,0.003862,0.0272,*
M7vsM8_anom_12m,natural_breaks,Relative Mortality,NEPmax,Mid,45,-0.98146,73.3,0.002224,0.026,*
M7vsM8_anom_12m,natural_breaks,Relative Mortality,WUE,Mid,45,-0.06897,64.4,0.06665,0.1153,ns
M7vsM8_anom_12m,natural_breaks,Relative Mortality,uWUE,Mid,45,-0.00602,51.1,0.3097,0.4355,ns
M7vsM8_anom_12m,natural_breaks,Relative Mortality,ETmax,High,26,0.0033,34.6,0.9149,0.9357,ns
M7vsM8_anom_12m,natural_breaks,Relative Mortality,GPPsat,High,26,-0.63535,73.1,0.0284,0.06801,ns
M7vsM8_anom_12m,natural_breaks,Relative Mortality,NEPmax,High,26,-0.39595,61.5,0.03771,0.07904,ns
M7vsM8_anom_12m,natural_breaks,Relative Mortality,WUE,High,26,-0.0792,65.4,0.03985,0.07904,ns
M7vsM8_anom_12m,natural_breaks,Relative Mortality,uWUE,High,26,-0.11717,65.4,0.03771,0.07904,ns
M7vsM8_anom_12m,natural_breaks,Relative Mortality,ETmax,Low,41,-4e-04,51.2,0.3681,0.467,ns
M7vsM8_anom_12m,natural_breaks,Relative Mortality,GPPsat,Low,41,-0.67338,65.9,0.01128,0.03906,*
M7vsM8_anom_12m,natural_breaks,Relative Mortality,NEPmax,Low,41,-0.70112,65.9,0.002889,0.026,*
M7vsM8_anom_12m,natural_breaks,Relative Mortality,WUE,Low,41,-0.01594,53.7,0.4028,0.477,ns
M7vsM8_anom_12m,natural_breaks,Relative Mortality,uWUE,Low,41,-0.00592,51.2,0.6072,0.6831,ns
M7vsM8_anom_12m,natural_breaks,Relative Disturbance,ETmax,Mid,49,-0.00274,67.3,0.008485,0.03906,*
M7vsM8_anom_12m,natural_breaks,Relative Disturbance,GPPsat,Mid,49,-0.57455,69.4,0.002758,0.026,*
M7vsM8_anom_12m,natural_breaks,Relative Disturbance,NEPmax,Mid,49,-0.98146,71.4,0.0002785,0.01253,*
M7vsM8_anom_12m,natural_breaks,Relative Disturbance,WUE,Mid,49,-0.04522,61.2,0.1284,0.2064,ns
M7vsM8_anom_12m,natural_breaks,Relative Disturbance,uWUE,Mid,49,0.0103,46.9,0.6324,0.6941,ns
M7vsM8_anom_12m,natural_breaks,Relative Disturbance,ETmax,High,24,0.00364,29.2,0.9629,0.9629,ns
M7vsM8_anom_12m,natural_breaks,Relative Disturbance,GPPsat,High,24,-0.82427,75,0.04194,0.07904,ns
M7vsM8_anom_12m,natural_breaks,Relative Disturbance,NEPmax,High,24,-0.4862,66.7,0.02872,0.06801,ns
M7vsM8_anom_12m,natural_breaks,Relative Disturbance,WUE,High,24,-0.09785,70.8,0.02199,0.06185,ns
M7vsM8_anom_12m,natural_breaks,Relative Disturbance,uWUE,High,24,-0.12891,70.8,0.009941,0.03906,*
M7vsM8_anom_12m,natural_breaks,Relative Disturbance,ETmax,Low,39,0.00046,41,0.7373,0.7716,ns
M7vsM8_anom_12m,natural_breaks,Relative Disturbance,GPPsat,Low,39,-0.67298,64.1,0.01126,0.03906,*
M7vsM8_anom_12m,natural_breaks,Relative Disturbance,NEPmax,Low,39,-0.70112,64.1,0.01554,0.04995,*
M7vsM8_anom_12m,natural_breaks,Relative Disturbance,WUE,Low,39,-0.01857,53.8,0.3821,0.467,ns
M7vsM8_anom_12m,natural_breaks,Relative Disturbance,uWUE,Low,39,-0.01348,53.8,0.361,0.467,ns
M7vsM8_anom_24m,tertiles,Absolute Mortality,ETmax,High,37,0.00029,45.9,0.6636,0.6945,ns
M7vsM8_anom_24m,tertiles,Absolute Mortality,GPPsat,High,37,-0.71741,73,0.01182,0.03688,*
M7vsM8_anom_24m,tertiles,Absolute Mortality,NEPmax,High,37,-0.3757,62.2,0.0224,0.05306,ns
M7vsM8_anom_24m,tertiles,Absolute Mortality,WUE,High,37,-0.05097,59.5,0.06765,0.1161,ns
M7vsM8_anom_24m,tertiles,Absolute Mortality,uWUE,High,37,-0.00975,54.1,0.2534,0.3564,ns
M7vsM8_anom_24m,tertiles,Absolute Mortality,ETmax,Mid,37,-0.0016,59.5,0.06011,0.1115,ns
M7vsM8_anom_24m,tertiles,Absolute Mortality,GPPsat,Mid,37,-0.60118,67.6,0.01229,0.03688,*
M7vsM8_anom_24m,tertiles,Absolute Mortality,NEPmax,Mid,37,-0.76696,67.6,0.09986,0.155,ns
M7vsM8_anom_24m,tertiles,Absolute Mortality,WUE,Mid,37,-0.01759,59.5,0.06964,0.1161,ns
M7vsM8_anom_24m,tertiles,Absolute Mortality,uWUE,Mid,37,0.01202,48.6,0.2681,0.3656,ns
M7vsM8_anom_24m,tertiles,Absolute Mortality,ETmax,Low,38,0.00026,50,0.337,0.4461,ns
M7vsM8_anom_24m,tertiles,Absolute Mortality,GPPsat,Low,38,-0.50662,68.4,0.004522,0.03688,*
M7vsM8_anom_24m,tertiles,Absolute Mortality,NEPmax,Low,38,-1.11432,76.3,0.0001086,0.004888,**
M7vsM8_anom_24m,tertiles,Absolute Mortality,WUE,Low,38,-0.03481,63.2,0.08871,0.1426,ns
M7vsM8_anom_24m,tertiles,Absolute Mortality,uWUE,Low,38,0.01056,47.4,0.5462,0.6145,ns
M7vsM8_anom_24m,tertiles,Relative Mortality,ETmax,High,37,0.00023,45.9,0.5777,0.6341,ns
M7vsM8_anom_24m,tertiles,Relative Mortality,GPPsat,High,37,-0.75036,73,0.006965,0.03688,*
M7vsM8_anom_24m,tertiles,Relative Mortality,NEPmax,High,37,-0.53809,70.3,0.01008,0.03688,*
M7vsM8_anom_24m,tertiles,Relative Mortality,WUE,High,37,-0.08793,64.9,0.01381,0.03777,*
M7vsM8_anom_24m,tertiles,Relative Mortality,uWUE,High,37,-0.04938,62.2,0.05833,0.1115,ns
M7vsM8_anom_24m,tertiles,Relative Mortality,ETmax,Mid,37,-0.00036,54.1,0.1561,0.2341,ns
M7vsM8_anom_24m,tertiles,Relative Mortality,GPPsat,Mid,37,-0.90036,70.3,0.001713,0.02518,*
M7vsM8_anom_24m,tertiles,Relative Mortality,NEPmax,Mid,37,-0.85707,64.9,0.01182,0.03688,*
M7vsM8_anom_24m,tertiles,Relative Mortality,WUE,Mid,37,-0.07938,67.6,0.01049,0.03688,*
M7vsM8_anom_24m,tertiles,Relative Mortality,uWUE,Mid,37,-0.00712,54.1,0.3872,0.484,ns
M7vsM8_anom_24m,tertiles,Relative Mortality,ETmax,Low,38,-0.00114,55.3,0.2387,0.3464,ns
M7vsM8_anom_24m,tertiles,Relative Mortality,GPPsat,Low,38,-0.40456,65.8,0.03607,0.07377,ns
M7vsM8_anom_24m,tertiles,Relative Mortality,NEPmax,Low,38,-0.81026,71.1,0.002238,0.02518,*
M7vsM8_anom_24m,tertiles,Relative Mortality,WUE,Low,38,-0.00221,50,0.6361,0.6815,ns
M7vsM8_anom_24m,tertiles,Relative Mortality,uWUE,Low,38,0.02953,34.2,0.845,0.8642,ns
M7vsM8_anom_24m,tertiles,Relative Disturbance,ETmax,High,37,0.00023,45.9,0.5361,0.6145,ns
M7vsM8_anom_24m,tertiles,Relative Disturbance,GPPsat,High,37,-0.7949,70.3,0.02493,0.05609,ns
M7vsM8_anom_24m,tertiles,Relative Disturbance,NEPmax,High,37,-0.53809,67.6,0.008226,0.03688,*
M7vsM8_anom_24m,tertiles,Relative Disturbance,WUE,High,37,-0.0695,59.5,0.02866,0.06141,ns
M7vsM8_anom_24m,tertiles,Relative Disturbance,uWUE,High,37,-0.07033,70.3,0.01092,0.03688,*
M7vsM8_anom_24m,tertiles,Relative Disturbance,ETmax,Mid,37,-0.00159,59.5,0.06193,0.1115,ns
M7vsM8_anom_24m,tertiles,Relative Disturbance,GPPsat,Mid,37,-0.65568,73,0.001043,0.02348,*
M7vsM8_anom_24m,tertiles,Relative Disturbance,NEPmax,Mid,37,-0.87053,67.6,0.007893,0.03688,*
M7vsM8_anom_24m,tertiles,Relative Disturbance,WUE,Mid,37,-0.07938,67.6,0.01868,0.04669,*
M7vsM8_anom_24m,tertiles,Relative Disturbance,uWUE,Mid,37,0.0398,37.8,0.9103,0.9103,ns
M7vsM8_anom_24m,tertiles,Relative Disturbance,ETmax,Low,38,0.00011,50,0.5404,0.6145,ns
M7vsM8_anom_24m,tertiles,Relative Disturbance,GPPsat,Low,38,-0.39432,65.8,0.01427,0.03777,*
M7vsM8_anom_24m,tertiles,Relative Disturbance,NEPmax,Low,38,-0.7017,71.1,0.008034,0.03688,*
M7vsM8_anom_24m,tertiles,Relative Disturbance,WUE,Low,38,-0.01177,55.3,0.3585,0.4609,ns
M7vsM8_anom_24m,tertiles,Relative Disturbance,uWUE,Low,38,0.01882,42.1,0.5347,0.6145,ns
M7vsM8_anom_24m,equal_width,Absolute Mortality,ETmax,Mid,52,-0.00137,55.8,0.1753,0.3034,ns
M7vsM8_anom_24m,equal_width,Absolute Mortality,GPPsat,Mid,52,-0.54158,61.5,0.1036,0.222,ns
M7vsM8_anom_24m,equal_width,Absolute Mortality,NEPmax,Mid,52,-0.14828,55.8,0.2604,0.3722,ns
M7vsM8_anom_24m,equal_width,Absolute Mortality,WUE,Mid,52,-0.07026,63.5,0.01914,0.06626,ns
M7vsM8_anom_24m,equal_width,Absolute Mortality,uWUE,Mid,52,-0.01415,57.7,0.1638,0.2948,ns
M7vsM8_anom_24m,equal_width,Absolute Mortality,ETmax,Low,54,-0.00031,51.9,0.2401,0.3722,ns
M7vsM8_anom_24m,equal_width,Absolute Mortality,GPPsat,Low,54,-0.72449,74.1,6.148e-05,0.001383,**
M7vsM8_anom_24m,equal_width,Absolute Mortality,NEPmax,Low,54,-1.05506,77.8,5.864e-06,0.0002639,***
M7vsM8_anom_24m,equal_width,Absolute Mortality,WUE,Low,54,-0.02966,59.3,0.08284,0.1911,ns
M7vsM8_anom_24m,equal_width,Absolute Mortality,uWUE,Low,54,0.01882,42.6,0.6347,0.699,ns
M7vsM8_anom_24m,equal_width,Absolute Mortality,ETmax,High,6,0.00189,16.7,0.8527,0.8527,ns
M7vsM8_anom_24m,equal_width,Absolute Mortality,GPPsat,High,6,-1.94537,100,0.01802,0.06626,ns
M7vsM8_anom_24m,equal_width,Absolute Mortality,NEPmax,High,6,-1.79195,100,0.01802,0.06626,ns
M7vsM8_anom_24m,equal_width,Absolute Mortality,WUE,High,6,-0.02289,50,0.5,0.625,ns
M7vsM8_anom_24m,equal_width,Absolute Mortality,uWUE,High,6,-0.02283,50,0.2647,0.3722,ns
M7vsM8_anom_24m,equal_width,Relative Mortality,ETmax,Mid,34,0.00031,44.1,0.5205,0.633,ns
M7vsM8_anom_24m,equal_width,Relative Mortality,GPPsat,Mid,34,-1.08973,82.4,0.0006542,0.006409,**
M7vsM8_anom_24m,equal_width,Relative Mortality,NEPmax,Mid,34,-0.92105,79.4,0.0009305,0.006409,**
M7vsM8_anom_24m,equal_width,Relative Mortality,WUE,Mid,34,-0.06717,58.8,0.07308,0.1827,ns
M7vsM8_anom_24m,equal_width,Relative Mortality,uWUE,Mid,34,-0.03662,55.9,0.2635,0.3722,ns
M7vsM8_anom_24m,equal_width,Relative Mortality,ETmax,High,8,-0.00059,50,0.6369,0.699,ns
M7vsM8_anom_24m,equal_width,Relative Mortality,GPPsat,High,8,0.41002,37.5,0.7794,0.7971,ns
M7vsM8_anom_24m,equal_width,Relative Mortality,NEPmax,High,8,0.1139,50,0.4721,0.607,ns
M7vsM8_anom_24m,equal_width,Relative Mortality,WUE,High,8,-0.17282,87.5,0.07074,0.1827,ns
M7vsM8_anom_24m,equal_width,Relative Mortality,uWUE,High,8,-0.12875,75,0.1468,0.2753,ns
M7vsM8_anom_24m,equal_width,Relative Mortality,ETmax,Low,70,-0.00092,55.7,0.1257,0.2459,ns
M7vsM8_anom_24m,equal_width,Relative Mortality,GPPsat,Low,70,-0.5276,67.1,0.001041,0.006409,**
M7vsM8_anom_24m,equal_width,Relative Mortality,NEPmax,Low,70,-0.644,65.7,0.001126,0.006409,**
M7vsM8_anom_24m,equal_width,Relative Mortality,WUE,Low,70,-0.02426,58.6,0.06858,0.1827,ns
M7vsM8_anom_24m,equal_width,Relative Mortality,uWUE,Low,70,0.01838,44.3,0.6262,0.699,ns
M7vsM8_anom_24m,equal_width,Relative Disturbance,ETmax,Mid,39,-0.00148,51.3,0.2277,0.3722,ns
M7vsM8_anom_24m,equal_width,Relative Disturbance,GPPsat,Mid,39,-1.03389,82.1,0.001147,0.006409,**
M7vsM8_anom_24m,equal_width,Relative Disturbance,NEPmax,Mid,39,-0.97156,79.5,0.000291,0.004364,**
M7vsM8_anom_24m,equal_width,Relative Disturbance,WUE,Mid,39,-0.05097,56.4,0.1164,0.2381,ns
M7vsM8_anom_24m,equal_width,Relative Disturbance,uWUE,Mid,39,-0.01409,56.4,0.3928,0.5198,ns
M7vsM8_anom_24m,equal_width,Relative Disturbance,ETmax,High,10,0.00016,40,0.6949,0.7445,ns
M7vsM8_anom_24m,equal_width,Relative Disturbance,GPPsat,High,10,0.41002,40,0.7296,0.7635,ns
M7vsM8_anom_24m,equal_width,Relative Disturbance,NEPmax,High,10,0.1139,50,0.3799,0.518,ns
M7vsM8_anom_24m,equal_width,Relative Disturbance,WUE,High,10,-0.20758,90,0.03327,0.1069,ns
M7vsM8_anom_24m,equal_width,Relative Disturbance,uWUE,High,10,-0.1814,80,0.06314,0.1827,ns
M7vsM8_anom_24m,equal_width,Relative Disturbance,ETmax,Low,63,-0.00036,54,0.2393,0.3722,ns
M7vsM8_anom_24m,equal_width,Relative Disturbance,GPPsat,Low,63,-0.48346,66.7,0.001282,0.006409,**
M7vsM8_anom_24m,equal_width,Relative Disturbance,NEPmax,Low,63,-0.63645,65.1,0.003251,0.01463,*
M7vsM8_anom_24m,equal_width,Relative Disturbance,WUE,Low,63,-0.02155,58.7,0.08493,0.1911,ns
M7vsM8_anom_24m,equal_width,Relative Disturbance,uWUE,Low,63,0.01898,41.3,0.6249,0.699,ns
M7vsM8_anom_24m,natural_breaks,Absolute Mortality,ETmax,High,29,0.00029,44.8,0.6107,0.6689,ns
M7vsM8_anom_24m,natural_breaks,Absolute Mortality,GPPsat,High,29,-0.71937,75.9,0.01895,0.05235,ns
M7vsM8_anom_24m,natural_breaks,Absolute Mortality,NEPmax,High,29,-0.53809,65.5,0.02333,0.05833,ns
M7vsM8_anom_24m,natural_breaks,Absolute Mortality,WUE,High,29,-0.04751,55.2,0.1877,0.2815,ns
M7vsM8_anom_24m,natural_breaks,Absolute Mortality,uWUE,High,29,-0.02899,58.6,0.2445,0.3549,ns
M7vsM8_anom_24m,natural_breaks,Absolute Mortality,ETmax,Mid,46,-0.00137,58.7,0.06582,0.1097,ns
M7vsM8_anom_24m,natural_breaks,Absolute Mortality,GPPsat,Mid,46,-0.67166,67.4,0.005805,0.02939,*
M7vsM8_anom_24m,natural_breaks,Absolute Mortality,NEPmax,Mid,46,-0.7017,65.2,0.0495,0.0891,ns
M7vsM8_anom_24m,natural_breaks,Absolute Mortality,WUE,Mid,46,-0.0509,63,0.01612,0.04876,*
M7vsM8_anom_24m,natural_breaks,Absolute Mortality,uWUE,Mid,46,0.014,47.8,0.2526,0.3552,ns
M7vsM8_anom_24m,natural_breaks,Absolute Mortality,ETmax,Low,37,0.00077,48.6,0.37,0.4897,ns
M7vsM8_anom_24m,natural_breaks,Absolute Mortality,GPPsat,Low,37,-0.48346,67.6,0.005878,0.02939,*
M7vsM8_anom_24m,natural_breaks,Absolute Mortality,NEPmax,Low,37,-1.07592,75.7,0.0001748,0.007867,**
M7vsM8_anom_24m,natural_breaks,Absolute Mortality,WUE,Low,37,-0.03296,62.2,0.1109,0.1782,ns
M7vsM8_anom_24m,natural_breaks,Absolute Mortality,uWUE,Low,37,0.01898,45.9,0.6243,0.6689,ns
M7vsM8_anom_24m,natural_breaks,Relative Mortality,ETmax,Mid,45,-0.00036,53.3,0.1687,0.2617,ns
M7vsM8_anom_24m,natural_breaks,Relative Mortality,GPPsat,Mid,45,-0.90036,71.1,0.0006478,0.01189,*
M7vsM8_anom_24m,natural_breaks,Relative Mortality,NEPmax,Mid,45,-0.85707,66.7,0.006718,0.03023,*
M7vsM8_anom_24m,natural_breaks,Relative Mortality,WUE,Mid,45,-0.06823,62.2,0.03819,0.07496,ns
M7vsM8_anom_24m,natural_breaks,Relative Mortality,uWUE,Mid,45,0.02019,48.9,0.6742,0.7055,ns
M7vsM8_anom_24m,natural_breaks,Relative Mortality,ETmax,High,26,0.00016,46.2,0.5904,0.6649,ns
M7vsM8_anom_24m,natural_breaks,Relative Mortality,GPPsat,High,26,-0.75713,69.2,0.04684,0.08783,ns
M7vsM8_anom_24m,natural_breaks,Relative Mortality,NEPmax,High,26,-0.33849,69.2,0.03187,0.0717,ns
M7vsM8_anom_24m,natural_breaks,Relative Mortality,WUE,High,26,-0.11148,69.2,0.0119,0.04462,*
M7vsM8_anom_24m,natural_breaks,Relative Mortality,uWUE,High,26,-0.06692,73.1,0.004128,0.02654,*
M7vsM8_anom_24m,natural_breaks,Relative Mortality,ETmax,Low,41,-0.00037,53.7,0.2887,0.3937,ns
M7vsM8_anom_24m,natural_breaks,Relative Mortality,GPPsat,Low,41,-0.4196,68.3,0.01625,0.04876,*
M7vsM8_anom_24m,natural_breaks,Relative Mortality,NEPmax,Low,41,-0.76696,70.7,0.001439,0.01295,*
M7vsM8_anom_24m,natural_breaks,Relative Mortality,WUE,Low,41,-0.01339,53.7,0.3978,0.5114,ns
M7vsM8_anom_24m,natural_breaks,Relative Mortality,uWUE,Low,41,0.01898,36.6,0.7157,0.732,ns
M7vsM8_anom_24m,natural_breaks,Relative Disturbance,ETmax,Mid,49,-0.00159,57.1,0.05687,0.09843,ns
M7vsM8_anom_24m,natural_breaks,Relative Disturbance,GPPsat,Mid,49,-0.71741,73.5,0.0008072,0.01189,*
M7vsM8_anom_24m,natural_breaks,Relative Disturbance,NEPmax,Mid,49,-0.87053,67.3,0.001057,0.01189,*
M7vsM8_anom_24m,natural_breaks,Relative Disturbance,WUE,Mid,49,-0.07101,61.2,0.03831,0.07496,ns
M7vsM8_anom_24m,natural_breaks,Relative Disturbance,uWUE,Mid,49,0.02155,44.9,0.8277,0.8277,ns
M7vsM8_anom_24m,natural_breaks,Relative Disturbance,ETmax,High,24,0.00016,45.8,0.5624,0.6649,ns
M7vsM8_anom_24m,natural_breaks,Relative Disturbance,GPPsat,High,24,-0.87454,70.8,0.03707,0.07496,ns
M7vsM8_anom_24m,natural_breaks,Relative Disturbance,NEPmax,High,24,-0.4569,70.8,0.02517,0.0596,ns
M7vsM8_anom_24m,natural_breaks,Relative Disturbance,WUE,High,24,-0.11514,70.8,0.01072,0.04387,*
M7vsM8_anom_24m,natural_breaks,Relative Disturbance,uWUE,High,24,-0.0906,75,0.00411,0.02654,*
M7vsM8_anom_24m,natural_breaks,Relative Disturbance,ETmax,Low,39,0.00046,48.7,0.5856,0.6649,ns
M7vsM8_anom_24m,natural_breaks,Relative Disturbance,GPPsat,Low,39,-0.36904,64.1,0.01978,0.05235,ns
M7vsM8_anom_24m,natural_breaks,Relative Disturbance,NEPmax,Low,39,-0.63645,69.2,0.01609,0.04876,*
M7vsM8_anom_24m,natural_breaks,Relative Disturbance,WUE,Low,39,-0.01015,53.8,0.4473,0.5591,ns
M7vsM8_anom_24m,natural_breaks,Relative Disturbance,uWUE,Low,39,0.01898,41,0.5911,0.6649,ns
